#100 mg/ml mit FF 1 und 2 mg/ml		
#q	S(q)	deltaS(q)
0.004630697	0.416097794	0.011837504
0.004761395	0.416857048	0.011268751
0.004892092	0.431237726	0.011582565
0.005022789	0.414365587	0.009594173
0.005153487	0.393510059	0.011058236
0.005284184	0.432306902	0.008758815
0.005414881	0.43815283	0.00802542
0.005545579	0.41895835	0.008107551
0.005676276	0.420654525	0.008308245
0.005806973	0.424914897	0.007335821
0.00593767	0.42395205	0.007109829
0.006068368	0.417944883	0.00654096
0.006199065	0.437149687	0.006605047
0.006329762	0.420633135	0.006629728
0.00646046	0.425956378	0.006545377
0.006591157	0.434067743	0.006576535
0.006721854	0.435666751	0.00633231
0.006852552	0.444751384	0.006338128
0.006983249	0.43105349	0.005999689
0.007113946	0.427562089	0.005944547
0.007244644	0.44068278	0.005765455
0.007375341	0.441961886	0.00576854
0.007506038	0.435380385	0.005383674
0.007636736	0.449191107	0.005395794
0.007767433	0.437884214	0.005044459
0.00789813	0.427845679	0.005521897
0.008028827	0.440280595	0.005312726
0.008159525	0.44064646	0.005114621
0.008290222	0.449488302	0.005214139
0.008420919	0.454208239	0.004849146
0.008551617	0.447233411	0.004912056
0.008682314	0.439023742	0.00460312
0.008813011	0.446612782	0.005089018
0.008943709	0.442567031	0.004956359
0.009074406	0.450844709	0.00477994
0.009205103	0.44538956	0.004710572
0.009335801	0.458547781	0.004565871
0.009466498	0.454361544	0.004403349
0.009597195	0.447663354	0.00453563
0.009727893	0.445947378	0.004439836
0.00985859	0.450525479	0.004481628
0.009989287	0.454601662	0.004728394
0.010119984	0.460794688	0.004393692
0.010250682	0.453002866	0.004449266
0.010381379	0.442519363	0.00445859
0.010512076	0.453938681	0.004312346
0.010642774	0.463314194	0.004459197
0.010773471	0.456808288	0.004307276
0.010904168	0.456571411	0.004089391
0.011034866	0.467881116	0.004094554
0.011165563	0.453168166	0.004097329
0.01129626	0.464198769	0.004175867
0.011426958	0.466751472	0.003881016
0.011557655	0.450225821	0.003990756
0.011688352	0.458731848	0.003878945
0.011819049	0.472667031	0.003992853
0.011949747	0.468362446	0.003999939
0.012080444	0.472346361	0.003873499
0.012211141	0.47491705	0.003853292
0.012341839	0.476788427	0.003679034
0.012472536	0.470545295	0.003543721
0.012603233	0.47245498	0.003571867
0.012733931	0.479239166	0.003604666
0.012864628	0.484956039	0.003637054
0.012995325	0.484158103	0.003562893
0.013126023	0.481459473	0.003505061
0.01325672	0.47587815	0.003523776
0.013387417	0.477169024	0.00351577
0.013518115	0.483685016	0.003406024
0.013648812	0.480357104	0.003361794
0.013779509	0.483839126	0.0033575
0.013910206	0.481125729	0.003306924
0.014040904	0.496120376	0.003499048
0.014171601	0.488245337	0.003350352
0.014302298	0.493253964	0.003539936
0.014432996	0.490624481	0.003326413
0.014563693	0.492185534	0.003326721
0.01469439	0.494495787	0.003512307
0.014825088	0.489452304	0.003280158
0.014955785	0.492871401	0.003319912
0.015086482	0.486207971	0.003220564
0.01521718	0.493144227	0.003256034
0.015347877	0.491662941	0.003265172
0.015478574	0.495603917	0.003261846
0.015609272	0.501780571	0.003458082
0.015739969	0.498520317	0.003284894
0.015870666	0.500048666	0.003238143
0.016001363	0.501766057	0.003283247
0.016132061	0.501207439	0.003402612
0.016262758	0.494409249	0.003177995
0.016393455	0.501252935	0.00337398
0.016524153	0.501034717	0.003326369
0.01665485	0.497590629	0.003153271
0.016785547	0.504466691	0.003254083
0.016916245	0.505229085	0.003490265
0.017046942	0.505901535	0.003241757
0.017177639	0.507486612	0.003216069
0.017308337	0.506178464	0.003309796
0.017439034	0.505353149	0.003188693
0.017569731	0.506042419	0.00330481
0.017700429	0.511903634	0.00322445
0.017831126	0.511064439	0.003209072
0.017961823	0.511971306	0.003174372
0.01809252	0.513044971	0.003229706
0.018223218	0.515028128	0.00321503
0.018353915	0.511850699	0.003167529
0.018484612	0.522346503	0.003284512
0.01861531	0.513696208	0.00314726
0.018746007	0.51285248	0.003156279
0.018876704	0.523404547	0.003245149
0.019007402	0.519454445	0.003203286
0.019138099	0.515724886	0.003176208
0.019268796	0.523607414	0.003247163
0.019399494	0.518005825	0.003151376
0.019530191	0.5270643	0.003267538
0.019660888	0.521467155	0.003181348
0.019791586	0.52720749	0.003373198
0.019922283	0.530819618	0.003247251
0.02005298	0.528346015	0.003333052
0.020183677	0.528324537	0.003245366
0.020314375	0.523250946	0.003169441
0.020445072	0.53045715	0.003368376
0.020575769	0.533433993	0.003246941
0.020706467	0.530185981	0.003212011
0.020837164	0.5336885	0.003247025
0.020967861	0.528600508	0.003185426
0.021098559	0.537781576	0.003275128
0.021229256	0.531401127	0.003219908
0.021359953	0.539663962	0.003271577
0.021490651	0.53139628	0.003314125
0.021621348	0.53530179	0.003360514
0.021752045	0.533254466	0.003205785
0.021882743	0.53378449	0.003223975
0.02201344	0.539401532	0.003234352
0.022144137	0.542278902	0.003267493
0.022274834	0.540917621	0.003254091
0.022405532	0.545106416	0.003279308
0.022536229	0.545594608	0.003317424
0.022666926	0.539549822	0.003228501
0.022797624	0.547580846	0.003297099
0.022928321	0.541018337	0.003238027
0.023059018	0.556457575	0.00339927
0.023189716	0.551305841	0.003346521
0.023320413	0.558897575	0.003401198
0.02345111	0.55539185	0.003343418
0.023581808	0.554711092	0.003366228
0.023712505	0.552932582	0.003323373
0.023843202	0.562871725	0.003434333
0.023973899	0.557792109	0.003394965
0.024104597	0.557202053	0.003482039
0.024235294	0.558567687	0.003362825
0.024365991	0.556048164	0.003326599
0.024496689	0.556145201	0.00332784
0.024627386	0.556806521	0.003342047
0.024758083	0.562238687	0.003517648
0.024888781	0.562099212	0.003397483
0.025019478	0.563651497	0.003390237
0.025150175	0.564451229	0.003401128
0.025280873	0.569197216	0.003473822
0.02541157	0.566336331	0.003422675
0.025542267	0.562642926	0.003380161
0.025672965	0.566800303	0.0033983
0.025803662	0.564764653	0.003386353
0.025934359	0.579075514	0.003550957
0.026065056	0.56941821	0.003570976
0.026195754	0.574945277	0.003479794
0.026326451	0.57020373	0.003438482
0.026457148	0.578875951	0.003509286
0.026587846	0.574532661	0.003485723
0.026718543	0.581229285	0.003547633
0.02684924	0.583802675	0.00356335
0.026979938	0.584911844	0.003594391
0.027110635	0.584137311	0.003693715
0.027241332	0.584739896	0.003589221
0.02737203	0.590628405	0.003665411
0.027502727	0.595520571	0.003684046
0.027633424	0.585630916	0.003586761
0.027764122	0.5907917	0.003630993
0.027894819	0.591125247	0.003630549
0.028025516	0.59051915	0.003664922
0.028156213	0.594585483	0.003972898
0.028286911	0.597448609	0.003846685
0.028417608	0.593394945	0.003665384
0.028548305	0.597299994	0.003692354
0.028679003	0.602106408	0.003788062
0.0288097	0.594771078	0.003834711
0.028940397	0.599523012	0.003713859
0.029071095	0.599986258	0.003728462
0.029201792	0.60704399	0.003800194
0.029332489	0.607982966	0.003833142
0.029463187	0.609214333	0.003858234
0.029593884	0.616939226	0.004074082
0.029724581	0.610705728	0.003849929
0.029855279	0.608108035	0.003805084
0.029985976	0.611284861	0.003889301
0.030116673	0.612616614	0.003875845
0.03024737	0.611490036	0.003865338
0.030378068	0.619036015	0.003946306
0.030508765	0.625582081	0.004020238
0.030639462	0.612491838	0.003852378
0.03077016	0.619279279	0.003965501
0.030900857	0.611148806	0.003878325
0.031031554	0.626716386	0.00406498
0.031162252	0.623748055	0.003991139
0.031292949	0.625840832	0.004015146
0.031423646	0.627996588	0.004079661
0.031554344	0.627551604	0.004059737
0.031685041	0.631432996	0.004109268
0.031815738	0.626955845	0.004047811
0.031946436	0.633452015	0.004286459
0.032077133	0.63675583	0.004195199
0.03220783	0.636870834	0.004185712
0.032338527	0.635039351	0.004150642
0.032469225	0.64366525	0.004275425
0.032599922	0.638247362	0.004518246
0.032730619	0.639656774	0.004256541
0.032861317	0.644777156	0.004289569
0.032992014	0.650792837	0.004367141
0.033122711	0.63350945	0.004171192
0.033253409	0.654446334	0.004591435
0.033384106	0.645886593	0.004325029
0.033514803	0.64357126	0.004321453
0.033645501	0.654262033	0.004520345
0.033776198	0.651832368	0.004505905
0.033906895	0.655651016	0.004546838
0.034037593	0.663211017	0.004655829
0.03416829	0.655269368	0.004632987
0.034298987	0.64633428	0.004507432
0.034429684	0.656923788	0.004881188
0.034560382	0.668428677	0.004844772
0.034691079	0.660879964	0.004755031
0.034821776	0.673872017	0.004928872
0.034952474	0.670441498	0.00493167
0.035083171	0.66760473	0.004893649
0.035213868	0.659845917	0.004860931
0.035344566	0.670740219	0.005045341
0.035475263	0.685127456	0.005319207
0.03560596	0.671803154	0.005199532
0.035736658	0.665924033	0.005103823
0.035867355	0.667636714	0.005179165
0.035998052	0.674855161	0.005277861
0.03612875	0.67117522	0.005234675
0.036259447	0.689493759	0.005526378
0.036390144	0.680881635	0.005644071
0.036520841	0.686385499	0.005567294
0.036651539	0.68962103	0.00562531
0.036782236	0.689667645	0.005622619
0.036912933	0.674630153	0.005646445
0.037043631	0.693372087	0.005954129
0.037174328	0.699013116	0.006114956
0.037305025	0.695906961	0.005811016
0.037435723	0.703866778	0.005961871
0.03756642	0.691083735	0.005817183
0.037697117	0.705163507	0.006038614
0.037827815	0.690710877	0.005895636
0.037958512	0.702335932	0.00607122
0.038089209	0.713538927	0.006270389
0.038219907	0.716092851	0.006599738
0.038350604	0.717265981	0.006405327
0.038481301	0.703824698	0.00618267
0.038611998	0.720917694	0.006424566
0.038742696	0.714567153	0.006234893
0.038873393	0.703686434	0.006125245
0.03900409	0.712423331	0.006255715
0.039134788	0.705803847	0.006156649
0.039265485	0.703022942	0.006141565
0.039396182	0.718665249	0.006335718
0.03952688	0.71592596	0.00656942
0.039657577	0.72626477	0.006520314
0.039788274	0.724876359	0.006456304
0.039918972	0.725082178	0.006530835
0.040049669	0.71819983	0.006400245
0.040180366	0.720816922	0.006426849
0.040311063	0.718553901	0.006405491
0.040441761	0.716123494	0.006372156
0.040572458	0.719049286	0.006498541
0.040703155	0.709606223	0.006296961
0.040833853	0.736072268	0.00676068
0.04096455	0.74092931	0.007138809
0.041095247	0.736493093	0.006787218
0.041225945	0.726666388	0.007213592
0.041356642	0.748891271	0.007079387
0.041487339	0.744122519	0.006960558
0.041618037	0.7436864	0.007021034
0.041748734	0.756298764	0.007182215
0.041879431	0.742573856	0.007019412
0.042010129	0.736287956	0.006931516
0.042140826	0.752524953	0.007488758
0.042271523	0.764712924	0.007730286
0.04240222	0.751038165	0.00720843
0.042532918	0.766483059	0.007480651
0.042663615	0.775826158	0.007759756
0.042794312	0.756197283	0.007345386
0.04292501	0.753553565	0.007345928
0.043055707	0.754506399	0.007369324
0.043186404	0.748989368	0.007276252
0.043317102	0.740220172	0.00720866
0.043447799	0.753804752	0.007413354
0.043578496	0.766888132	0.007665775
0.043709194	0.75085451	0.007412563
0.043839891	0.778959486	0.008543776
0.043970588	0.775523808	0.007953495
0.044101286	0.781356756	0.008354039
0.044231983	0.777116144	0.0079836
0.04436268	0.768201522	0.00786522
0.044493377	0.750744351	0.007492262
0.044624075	0.775271417	0.008004771
0.044754772	0.766075432	0.007871428
0.044885469	0.753445553	0.007621192
0.045016167	0.765999002	0.007959067
0.045146864	0.78392591	0.008206697
0.045277561	0.775607128	0.008101515
0.045408259	0.772627591	0.008140691
0.045538956	0.78080046	0.008234898
0.045669653	0.766498541	0.00808251
0.045800351	0.768881465	0.008104057
0.045931048	0.78049915	0.008331583
0.046061745	0.776402183	0.008336935
0.046192443	0.799864894	0.008818479
0.04632314	0.781485184	0.008541596
0.046453837	0.795597365	0.008932152
0.046584534	0.806610808	0.009199167
0.046715232	0.78891117	0.008961186
0.046845929	0.788458718	0.009032004
0.046976626	0.788732874	0.009045796
0.047107324	0.796271413	0.009695671
0.047238021	0.807519948	0.009566754
0.047368718	0.800231925	0.009462481
0.047499416	0.794452762	0.009499625
0.047630113	0.815167483	0.010256936
0.04776081	0.820145138	0.010557137
0.047891508	0.807486643	0.009865128
0.048022205	0.821748695	0.010190868
0.048152902	0.821279117	0.010735503
0.0482836	0.810741525	0.010435465
0.048414297	0.819958394	0.010843482
0.048544994	0.808651503	0.010187954
0.048675691	0.828435264	0.010613641
0.048806389	0.817401123	0.010532388
0.048937086	0.82166411	0.010590879
0.049067783	0.806711801	0.010305306
0.049198481	0.847558152	0.01136972
0.049329178	0.846943997	0.011374253
0.049459875	0.842895107	0.011331294
0.049590573	0.83157783	0.011642894
0.04972127	0.81873859	0.010850766
0.049851967	0.805365161	0.010588643
0.049982665	0.836453987	0.006867827
0.050113362	0.860674623	0.007243132
0.050244059	0.832426745	0.006856814
0.050374757	0.856753186	0.007288455
0.050505454	0.850976422	0.007213158
0.050636151	0.843818312	0.007400074
0.050766848	0.852492725	0.007243936
0.050897546	0.852191198	0.007323074
0.051028243	0.862970366	0.007532041
0.05115894	0.859293288	0.007466742
0.051289638	0.856088019	0.00742406
0.051420335	0.858563098	0.007823495
0.051551032	0.865831816	0.007704063
0.05168173	0.868495287	0.007748157
0.051812427	0.852808812	0.007572131
0.051943124	0.884857006	0.008043486
0.052073822	0.852646928	0.007559492
0.052204519	0.872166725	0.008240209
0.052335216	0.870268072	0.008262686
0.052465914	0.861664337	0.007816579
0.052596611	0.860937774	0.008172559
0.052727308	0.857577613	0.007807181
0.052858005	0.869198573	0.008016455
0.052988703	0.860506194	0.007926673
0.0531194	0.850569066	0.007801854
0.053250097	0.869792874	0.008130372
0.053380795	0.873580908	0.008199431
0.053511492	0.871478783	0.008200017
0.053642189	0.885130838	0.008504114
0.053772887	0.88228649	0.008449462
0.053903584	0.89172837	0.008744383
0.054034281	0.876647132	0.008443599
0.054164979	0.866190461	0.008256986
0.054295676	0.871716557	0.008385281
0.054426373	0.879066161	0.008612887
0.054557071	0.8766492	0.008619137
0.054687768	0.881065355	0.008651034
0.054818465	0.878037401	0.008694677
0.054949162	0.888519052	0.008841189
0.05507986	0.868372621	0.008499413
0.055210557	0.877854879	0.008749292
0.055341254	0.879411838	0.008748879
0.055471952	0.917039498	0.009520923
0.055602649	0.88695927	0.009407882
0.055733346	0.879318662	0.008856976
0.055864044	0.890064317	0.009159783
0.055994741	0.901623944	0.009409037
0.056125438	0.897791694	0.009282277
0.056256136	0.892093117	0.009295332
0.056386833	0.873016586	0.008832557
0.05651753	0.90006233	0.009529006
0.056648228	0.895721191	0.009457943
0.056778925	0.892044995	0.009358493
0.056909622	0.880710287	0.009589303
0.057040319	0.903700828	0.009639351
0.057171017	0.896528916	0.009571853
0.057301714	0.899316007	0.009696359
0.057432411	0.904154128	0.009782286
0.057563109	0.896411731	0.010089302
0.057693806	0.901166538	0.009712834
0.057824503	0.904574462	0.00978581
0.057955201	0.893750016	0.010112223
0.058085898	0.886020622	0.009443649
0.058216595	0.879875895	0.009850258
0.058347293	0.891177337	0.009667114
0.05847799	0.896984295	0.009707135
0.058608687	0.888874988	0.009695336
0.058739384	0.911987124	0.010521727
0.058870082	0.901160551	0.010336769
0.059000779	0.910175549	0.010189026
0.059131476	0.906898448	0.009932586
0.059262174	0.91122025	0.010196423
0.059392871	0.897733448	0.009909752
0.059523568	0.880925519	0.009594546
0.059654266	0.911232376	0.010248456
0.059784963	0.898700024	0.009867615
0.05991566	0.907081386	0.010193774
0.060046358	0.897765436	0.010059935
0.060177055	0.890086379	0.009843327
0.060307752	0.924933639	0.010621708
0.06043845	0.884926088	0.009773103
0.060569147	0.917343442	0.01042465
0.060699844	0.887317028	0.009974056
0.060830541	0.901535297	0.010105457
0.060961239	0.907506396	0.010322077
0.061091936	0.914076931	0.010530702
0.061222633	0.905153891	0.010303457
0.061353331	0.909586356	0.010511434
0.061484028	0.912334878	0.011433963
0.061614725	0.911764275	0.010603333
0.061745423	0.904059075	0.010506345
0.06187612	0.895291897	0.010197061
0.062006817	0.903826706	0.010454278
0.062137515	0.909383249	0.010611234
0.062268212	0.922365429	0.010946057
0.062398909	0.904086645	0.010563751
0.062529607	0.911157896	0.010616625
0.062660304	0.894276837	0.010409411
0.062791001	0.903133665	0.010596238
0.062921698	0.919631082	0.010951785
0.063052396	0.917546949	0.011002495
0.063183093	0.905017369	0.010665679
0.06331379	0.89697365	0.010499718
0.063444488	0.907821022	0.010816767
0.063575185	0.912763858	0.010888299
0.063705882	0.905048897	0.010832925
0.06383658	0.901856373	0.011142727
0.063967277	0.938954187	0.011647648
0.064097974	0.923586418	0.011328257
0.064228672	0.917277404	0.011100277
0.064359369	0.89675437	0.010735495
0.064490066	0.893405352	0.010677698
0.064620764	0.885225748	0.010487832
0.064751461	0.878898303	0.010426802
0.064882158	0.919974231	0.011263915
0.065012855	0.906622592	0.011012945
0.065143553	0.916713357	0.011377069
0.06527425	0.914217011	0.011246264
0.065404947	0.894587019	0.011307863
0.065535645	0.901005352	0.010993791
0.065666342	0.913799538	0.011324036
0.065797039	0.931920538	0.011813692
0.065927737	0.930923674	0.011761484
0.066058434	0.915558788	0.011414736
0.066189131	0.941125494	0.012146987
0.066319829	0.929934675	0.011696576
0.066450526	0.926024945	0.011797149
0.066581223	0.891061428	0.010951221
0.066711921	0.940794035	0.012162706
0.066842618	0.916944547	0.011621372
0.066973315	0.913054353	0.011509058
0.067104012	0.907208734	0.011453256
0.06723471	0.913579201	0.011587931
0.067365407	0.939904654	0.012736136
0.067496104	0.905498072	0.011423022
0.067626802	0.922036621	0.011846225
0.067757499	0.916587962	0.011712287
0.067888196	0.924470558	0.012032813
0.068018894	0.929508829	0.012010522
0.068149591	0.928013458	0.012095442
0.068280288	0.896348993	0.011827457
0.068410986	0.908903911	0.011610605
0.068541683	0.909275041	0.011729864
0.06867238	0.9175514	0.011891498
0.068803078	0.915903088	0.011915238
0.068933775	0.957995698	0.013016037
0.069064472	0.920896246	0.012056477
0.069195169	0.913965763	0.011996609
0.069325867	0.931100689	0.012360476
0.069456564	0.910482837	0.012413716
0.069587261	0.901821862	0.011717055
0.069717959	0.931392958	0.012415124
0.069848656	0.907443289	0.011938147
0.069979353	0.918213314	0.012206682
0.070110051	0.927783614	0.012428063
0.070240748	0.919746393	0.012218922
0.070371445	0.909359498	0.012006677
0.070502143	0.919096286	0.012780327
0.07063284	0.906058134	0.011982376
0.070763537	0.917931504	0.012215658
0.070894235	0.921009953	0.012408107
0.071024932	0.916316292	0.012288841
0.071155629	0.919929896	0.012479207
0.071286326	0.912757886	0.012298812
0.071417024	0.91982758	0.012406537
0.071547721	0.930391728	0.012760462
0.071678418	0.912381241	0.012222281
0.071809116	0.901821177	0.012012447
0.071939813	0.918087451	0.012561021
0.07207051	0.952852514	0.013945585
0.072201208	0.94684129	0.013341789
0.072331905	0.937391582	0.013146616
0.072462602	0.91599208	0.012496609
0.0725933	0.923412391	0.01279077
0.072723997	0.915046309	0.012547852
0.072854694	0.910972199	0.012432384
0.072985392	0.947056811	0.013488565
0.073116089	0.890065499	0.01241677
0.073246786	0.918265406	0.012741732
0.073377483	0.910938468	0.013204673
0.073508181	0.92222335	0.012839307
0.073638878	0.930403246	0.013734651
0.073769575	0.925255278	0.013033725
0.073900273	0.90803901	0.012615188
0.07403097	0.901669236	0.012530997
0.074161667	0.896603165	0.012814726
0.074292365	0.914868542	0.012874565
0.074423062	0.930048585	0.0132369
0.074553759	0.949036666	0.013752983
0.074684457	0.926654017	0.01320816
0.074815154	0.930521848	0.013361049
0.074945851	0.91784382	0.013046135
0.075076549	0.916508913	0.013048389
0.075207246	0.94958602	0.013914135
0.075337943	0.908834596	0.01290397
0.07546864	0.890936918	0.012471472
0.075599338	0.907930238	0.012899842
0.075730035	0.950058263	0.014144817
0.075860732	0.905023385	0.012822345
0.07599143	0.914883778	0.013160303
0.076122127	0.905962654	0.012994893
0.076252824	0.914212469	0.013148688
0.076383522	0.928730673	0.013644192
0.076514219	0.922962217	0.013438881
0.076644916	0.931431975	0.013720518
0.076775614	0.950007046	0.014335349
0.076906311	0.912070908	0.01323241
0.077037008	0.927582424	0.013734353
0.077167705	0.920740511	0.013494959
0.077298403	0.942941309	0.014788938
0.0774291	0.925021314	0.013696302
0.077559797	0.919270948	0.013580264
0.077690495	0.931718337	0.013959495
0.077821192	0.944699456	0.014341732
0.077951889	0.941146557	0.014272501
0.078082587	0.956519446	0.014791366
0.078213284	0.930997786	0.013979092
0.078343981	0.901952203	0.013294362
0.078474679	0.908498582	0.013567361
0.078605376	0.914252584	0.014266831
0.078736073	0.939859844	0.014339787
0.078866771	0.915485082	0.013691756
0.078997468	0.898351309	0.013277555
0.079128165	0.945640213	0.014770111
0.079258862	0.941739217	0.014596646
0.07938956	0.955804392	0.014940692
0.079520257	0.924972393	0.014158306
0.079650954	0.919293805	0.014068825
0.079781652	0.95202652	0.01506728
0.079912349	0.939549209	0.014679543
0.080043046	0.981414648	0.015977069
0.080173744	0.946467901	0.014922964
0.080304441	0.886870528	0.013264764
0.080435138	0.921356004	0.014263173
0.080565836	0.940500308	0.014890128
0.080696533	0.943529409	0.01501309
0.08082723	0.958354664	0.015467039
0.080957928	0.906109	0.013888793
0.081088625	0.908233567	0.014087351
0.081219322	0.933907129	0.014867003
0.081350019	0.924692831	0.014606625
0.081480717	0.929480457	0.014769355
0.081611414	0.92884096	0.014676421
0.081742111	0.879279553	0.013339845
0.081872809	0.914330243	0.014429478
0.082003506	0.965038889	0.015989084
0.082134203	0.934608061	0.015036859
0.082264901	0.948481174	0.015525197
0.082395598	0.930984296	0.015042826
0.082526295	0.938506503	0.015446684
0.082656993	0.936515573	0.015272875
0.08278769	0.959288894	0.016726543
0.082918387	0.913672669	0.014630117
0.083049085	0.948556974	0.015644658
0.083179782	0.93115388	0.015287159
0.083310479	0.952824542	0.015964933
0.083441176	0.951639404	0.016046733
0.083571874	0.925507214	0.015208834
0.083702571	0.929407393	0.015241683
0.083833268	0.924935034	0.015236215
0.083963966	0.955383863	0.016205342
0.084094663	0.948359263	0.016086341
0.08422536	0.96331609	0.016580396
0.084356058	0.967368114	0.016700346
0.084486755	0.924698614	0.015412999
0.084617452	0.940875181	0.016019061
0.08474815	0.949775512	0.017864671
0.084878847	0.949968696	0.01642671
0.085009544	0.972374761	0.017030151
0.085140242	0.969956382	0.017128022
0.085270939	0.979303051	0.01759573
0.085401636	0.944284768	0.016960388
0.085532333	0.91834281	0.015531393
0.085663031	0.92217625	0.015580268
0.085793728	0.93994428	0.016318278
0.085924425	0.930748643	0.016002172
0.086055123	0.947149657	0.016601572
0.08618582	0.930370731	0.016180644
0.086316517	0.968549106	0.017476936
0.086447215	0.925551881	0.016023011
0.086577912	0.933190236	0.016391357
0.086708609	0.932590575	0.016281247
0.086839307	0.908937224	0.016318361
0.086970004	0.967624869	0.017608537
0.087100701	0.98526414	0.018095434
0.087231399	0.956973481	0.017409187
0.087362096	0.912037138	0.015862398
0.087492793	0.938333347	0.016797041
0.08762349	0.950996202	0.018192634
0.087754188	0.960527548	0.017546777
0.087884885	0.958552158	0.017560172
0.088015582	0.951198667	0.017433389
0.08814628	0.951842365	0.017427849
0.088276977	0.939073904	0.017810325
0.088407674	0.956812373	0.01763139
0.088538372	0.953361073	0.017554257
0.088669069	0.909393995	0.016300845
0.088799766	0.986890057	0.018931268
0.088930464	0.949909757	0.018435934
0.089061161	0.949144104	0.017653544
0.089191858	0.980508593	0.018885676
0.089322556	0.945741728	0.01940855
0.089453253	0.985955964	0.019163522
0.08958395	0.961536433	0.018471789
0.089714647	0.907953677	0.016517611
0.089845345	0.986924929	0.019353806
0.089976042	0.980098008	0.019252723
0.090106739	0.93840571	0.017668477
0.090237437	0.939940089	0.017862267
0.090368134	0.943846013	0.018824983
0.090498831	0.947366824	0.018239054
0.090629529	0.974991362	0.019386931
0.090760226	0.927598841	0.017608606
0.090890923	0.952913574	0.018636773
0.091021621	0.990501226	0.021196989
0.091152318	0.964766363	0.01922221
0.091283015	0.938087628	0.019111843
0.091413713	1.027581703	0.02224685
0.09154441	0.988301155	0.020844117
0.091675107	0.993205864	0.021425811
0.091805804	0.930157073	0.01894752
0.091936502	1.000862241	0.022049728
0.092067199	1.05356543	0.024904876
0.092197896	0.976926085	0.021363892
0.092328594	0.956395158	0.020880397
0.092459291	1.019245303	0.023680691
0.092589988	0.932174134	0.019993912
0.092720686	0.958289552	0.02088238
0.092851383	0.940302079	0.019907381
0.09298208	0.977591649	0.021499924
0.093112778	0.953042564	0.020620051
0.093243475	0.993147768	0.022191819
0.093374172	0.991190797	0.02217646
0.093504869	0.967585785	0.022152156
0.093635567	0.964685446	0.020987414
0.093766264	0.95173301	0.021405351
0.093896961	0.960838571	0.020833537
0.094027659	1.016466494	0.023409103
0.094158356	0.999812985	0.02276347
0.094289053	0.978544001	0.021749514
0.094419751	0.949668934	0.020654759
0.094550448	0.988034103	0.02232365
0.094681145	0.920669572	0.019507395
0.094811843	0.942556446	0.020441997
0.09494254	0.992507677	0.022655532
0.095073237	0.970461196	0.021824832
0.095203935	0.951027037	0.020932138
0.095334632	0.972709264	0.021963892
0.095465329	0.947316914	0.020907575
0.095596026	0.985828242	0.02260344
0.095726724	0.95818725	0.02157547
0.095857421	1.002814853	0.023476207
0.095988118	0.995283596	0.023450427
0.096118816	0.954869327	0.021607175
0.096249513	0.978642398	0.022666819
0.09638021	0.99965363	0.023800263
0.096510908	1.007447366	0.024287183
0.096641605	0.976630501	0.022702319
0.096772302	1.001826395	0.023988768
0.096903	0.940074293	0.021188364
0.097033697	0.971319119	0.022798548
0.097164394	0.994143686	0.023981502
0.097295092	0.986938962	0.023402013
0.097425789	0.970898883	0.022953349
0.097556486	0.96478851	0.022652502
0.097687183	0.974144083	0.023181787
0.097817881	0.990690091	0.023977989
0.097948578	0.991335135	0.023939768
0.098079275	1.038281763	0.028809064
0.098209973	0.967578589	0.023062956
0.09834067	1.009116552	0.024861419
0.098471367	1.043780526	0.026795362
0.098602065	0.996073859	0.024554997
0.098732762	0.914542818	0.020795885
0.098863459	0.972828315	0.023549283
0.098994157	0.947812491	0.02221441
0.099124854	1.014169753	0.025616478
0.099255551	0.964452603	0.023310061
0.099386249	0.987415358	0.024683472
0.099516946	1.048701368	0.027817244
0.099647643	0.943459461	0.023412876
0.09977834	0.998355996	0.025347399
0.099909038	0.99783783	0.025456484
0.10003974	0.978679266	0.024491541
0.10017043	1.007244371	0.026119761
0.10030113	0.975842091	0.024515251
0.10043183	0.940758207	0.023071003
0.10056252	0.936366337	0.022970403
0.10069322	1.020981446	0.026971188
0.10082392	0.966203006	0.024599041
0.10095462	0.957033405	0.025226516
0.10108531	0.966877589	0.024606354
0.10121601	0.942576261	0.02357431
0.10134671	0.987809561	0.025842024
0.10147741	1.023208782	0.028176998
0.1016081	0.973299666	0.026563113
0.1017388	0.987361685	0.025997053
0.1018695	0.978548676	0.025922987
0.10200019	0.969640833	0.025226153
0.10213089	0.98622413	0.026332635
0.10226159	1.014661595	0.027937751
0.10239229	0.945738483	0.024360037
0.10252298	0.930970312	0.023765981
0.10265368	0.969172725	0.02591095
0.10278438	0.984715384	0.026704535
0.10291508	1.00257381	0.028047566
0.10304577	0.951126892	0.02514542
0.10317647	1.041961916	0.030219152
0.10330717	1.004470972	0.029747675
0.10343787	0.969903043	0.026299338
0.10356856	0.977102067	0.027066237
0.10369926	1.080394086	0.034410052
0.10382996	1.01581062	0.029254325
0.10396065	1.004717419	0.028735334
0.10409135	1.036396778	0.030764092
0.10422205	0.985517738	0.027967418
0.10435275	1.050779892	0.031751085
0.10448344	1.038410274	0.030834832
0.10461414	1.003168775	0.029325306
0.10474484	1.009812067	0.029480232
0.10487554	1.025200431	0.030683344
0.10500623	1.01203059	0.030118093
0.10513693	0.988127746	0.028713428
0.10526763	1.016285827	0.031991843
0.10539832	1.049194104	0.032457716
0.10552902	0.973814383	0.028238793
0.10565972	0.967288048	0.028191381
0.10579042	0.98111443	0.029948365
0.10592111	1.071093445	0.034339345
0.10605181	0.971419526	0.028380669
0.10618251	1.018933525	0.031508039
0.10631321	1.047236268	0.033445225
0.1064439	1.009468789	0.031109826
0.1065746	0.952405009	0.027878621
0.1067053	0.981717201	0.029712993
0.106836	0.952369923	0.028124904
0.10696669	0.951327147	0.028292347
0.10709739	0.954879978	0.028720831
0.10722809	1.043107531	0.034620195
0.10735878	1.083569986	0.038090566
0.10748948	1.008675919	0.033041891
0.10762018	1.017844313	0.034219891
0.10775088	1.027423176	0.035174484
0.10788157	1.005250154	0.034017124
0.10801227	0.996992229	0.033754565
0.10814297	0.913833508	0.028691616
0.10827367	1.029900036	0.036326199
0.10840436	1.011907235	0.035794441
0.10853506	1.046148082	0.0379123
0.10866576	1.019669415	0.036338595
0.10879646	1.00801676	0.03601646
0.10892715	0.961221592	0.032910914
0.10905785	1.043657606	0.039505993
0.10918855	0.984729421	0.035005735
0.10931924	1.02190365	0.03821591
0.10944994	1.016807019	0.038064052
0.10958064	0.988900945	0.036022858
0.10971134	0.981454791	0.035898961
0.10984203	1.010765135	0.038341957
0.10997273	1.003852253	0.038152829
0.11010343	1.071905449	0.04380672
0.11023413	0.972396156	0.036032518
0.11036482	0.988210043	0.039301731
0.11049552	0.967033269	0.037892227
0.11062622	1.043425931	0.042435602
0.11075691	1.021272299	0.041011378
0.11088761	0.984080476	0.038076692
0.11101831	0.991954803	0.038987749
0.11114901	0.950912992	0.036156343
0.1112797	0.971821898	0.037696813
0.1114104	0.978582572	0.040422023
0.1115411	0.996377389	0.040355895
0.1116718	0.951722085	0.038506569
0.11180249	1.05783594	0.046104048
0.11193319	0.95393108	0.037558259
0.11206389	1.039264606	0.045048842
0.11219459	1.06148201	0.046082055
0.11232528	1.04828621	0.046217068
0.11245598	1.051641561	0.04491905
0.11258668	1.106946658	0.049607382
0.11271737	1.018614776	0.041941121
0.11284807	1.057397736	0.045545723
0.11297877	0.991589454	0.041179624
0.11310947	1.111506997	0.050214623
0.11324016	1.013273488	0.041501635
0.11337086	0.95933603	0.037691738
0.11350156	0.958421861	0.037467667
0.11363226	0.98735902	0.039513854
0.11376295	1.021612225	0.042758205
0.11389365	1.010542331	0.041699254
0.11402435	1.059294004	0.047664529
0.11415504	1.039484822	0.044259858
0.11428574	0.943398275	0.037830992
0.11441644	0.936510332	0.035949374
0.11454714	0.962607801	0.038391136
0.11467783	0.895569743	0.033251939
0.11480853	1.023034736	0.043424189
0.11493923	0.999928697	0.041345216
0.11506993	0.973088296	0.039471611
0.11520062	0.954215343	0.037984976
0.11533132	1.006379496	0.042159911
0.11546202	0.91454129	0.035247467
0.11559272	1.126796208	0.053098859
0.11572341	0.942575221	0.037869531
0.11585411	1.044195482	0.046347911
0.11598481	1.052229368	0.04690473
0.1161155	1.04019919	0.046228091
0.1162462	0.996395424	0.042709904
0.1163769	1.0715082	0.048985562
0.1165076	1.013276841	0.04578372
0.11663829	0.985388796	0.043784907
0.11676899	1.085870952	0.050910117
0.11689969	0.984405245	0.042095487
0.11703039	1.075494867	0.049564649
0.11716108	1.016207013	0.046697706
0.11729178	1.014496741	0.046730887
0.11742248	1.010255136	0.046258432
0.11755317	1.064699802	0.049552589
0.11768387	0.970165925	0.042856377
0.11781457	1.004387522	0.044096845
0.11794527	1.014933208	0.045289933
0.11807596	1.057089593	0.048729579
0.11820666	1.108914856	0.054080672
0.11833736	1.049468694	0.050839088
0.11846806	0.988407705	0.043304315
0.11859875	0.963562784	0.041249434
0.11872945	1.091471224	0.052928297
0.11886015	0.99626171	0.046539961
0.11899085	1.018158726	0.046416177
0.11912154	1.053565972	0.049621627
0.11925224	1.10057684	0.054318093
0.11938294	0.919741913	0.038059075
0.11951363	1.001555269	0.045589396
0.11964433	1.046448364	0.049821681
0.11977503	1.056781008	0.052692383
0.11990573	1.044441788	0.051767701
0.12003642	1.022982455	0.047907668
0.12016712	0.994694906	0.04510476
0.12029782	1.083102475	0.053453674
0.12042852	1.029067689	0.048792478
0.12055921	0.959078709	0.042345421
0.12068991	1.014848704	0.047800213
0.12082061	1.005249421	0.046404992
0.12095131	0.960937534	0.044840447
0.121082	0.906490733	0.037944537
0.1212127	0.999688821	0.046437128
0.1213434	1.057433952	0.052522112
0.12147409	0.980945263	0.045066632
0.12160479	0.963298521	0.043932716
0.12173549	1.006269237	0.047694873
0.12186619	0.98322755	0.045741638
0.12199688	1.037146049	0.051590509
0.12212758	1.12004944	0.059385095
0.12225828	0.962992308	0.044524476
0.12238898	0.927234119	0.041526423
0.12251967	1.081315005	0.055872986
0.12265037	1.061864682	0.054901458
0.12278107	1.002704894	0.048563371
0.12291176	1.024063009	0.051014262
0.12304246	0.962102673	0.045106265
0.12317316	0.955833161	0.04494379
0.12330386	1.004437859	0.049695947
0.12343455	0.986512536	0.047256814
0.12356525	1.028364329	0.052286014
0.12369595	0.996243832	0.049454207
0.12382665	1.017711257	0.051272077
0.12395734	1.00765536	0.050660546
0.12408804	1.002454193	0.050436702
0.12421874	0.975144628	0.049168121
0.12434944	1.09071677	0.059817398
0.12448013	0.982032875	0.048417438
0.12461083	0.968993634	0.047609862
0.12474153	1.110961133	0.062349071
0.12487222	1.017903293	0.052411287
0.12500292	0.973576202	0.048004853
0.12513362	1.065026017	0.060765553
0.12526432	0.990551254	0.050295825
0.12539501	0.981296098	0.049891017
0.12552571	0.993710476	0.050283039
0.12565641	0.943285107	0.046333365
0.12578711	0.88815466	0.040892762
0.1259178	1.109409951	0.064016742
0.1260485	1.104845822	0.063989742
0.1261792	1.088023869	0.061486312
0.12630989	0.940763862	0.04672309
0.12644059	0.910542731	0.044091646
0.12657129	1.09943397	0.063505339
0.12670199	1.037290086	0.057173037
0.12683268	0.970276163	0.049743028
0.12696338	1.167871441	0.072354274
0.12709408	1.037883243	0.057688409
0.12722478	1.082375734	0.062567408
0.12735547	1.072776964	0.061993914
0.12748617	0.952961012	0.0488687
0.12761687	1.06607177	0.060928423
0.12774757	1.07395217	0.062342674
0.12787826	1.078606584	0.063153527
0.12800896	1.034504679	0.058684389
0.12813966	1.140016497	0.071142845
0.12827035	0.979378828	0.052426968
0.12840105	0.915988509	0.046221618
0.12853175	1.050985606	0.061081749
0.12866245	1.086981605	0.06873035
0.12879314	1.057115946	0.061949819
0.12892384	1.047921604	0.060399379
0.12905454	1.087867816	0.065456241
0.12918524	1.103798144	0.070921567
0.12931593	1.052031345	0.061778661
0.12944663	1.025328047	0.059162741
0.12957733	1.019753634	0.058262926
0.12970802	0.931074849	0.049060042
0.12983872	1.084046161	0.066305722
0.12996942	1.054112802	0.063125988
0.13010012	0.98522604	0.054692786
0.13023081	0.967910642	0.053218914
0.13036151	0.927497037	0.049213857
0.13049221	1.014316195	0.058755834
0.13062291	0.959188552	0.052904942
0.1307536	1.069501731	0.065709136
0.1308843	1.065579404	0.06549672
0.131015	1.057978618	0.063966869
0.1311457	0.988015357	0.056813221
0.13127639	1.019406383	0.060232031
0.13140709	0.993828152	0.057393585
0.13153779	0.910136173	0.048603319
0.13166848	0.994384029	0.060217816
0.13179918	1.091173533	0.072936984
0.13192988	1.119302841	0.074000897
0.13206058	0.962855895	0.055012935
0.13219127	1.114738558	0.073821442
0.13232197	0.988633673	0.05807138
0.13245267	1.018593948	0.061913108
0.13258337	0.942252036	0.052973562
0.13271406	0.938332422	0.052692952
0.13284476	1.061337315	0.067752953
0.13297546	1.057924392	0.069938206
0.13310616	1.122357003	0.075642892
0.13323685	0.977274558	0.05775684
0.13336755	1.036327721	0.064579966
0.13349825	0.950254138	0.055065015
0.13362894	1.045833355	0.066764236
0.13375964	1.063833358	0.071424355
0.13389034	1.137755267	0.079578239
0.13402104	1.053180865	0.070591701
0.13415173	1.193971045	0.087322518
0.13428243	1.145847811	0.081575162
0.13441313	1.244387993	0.094812805
0.13454383	1.059000932	0.069187797
0.13467452	1.057612799	0.068545632
0.13480522	1.140945094	0.080839376
0.13493592	1.140646965	0.081076971
0.13506661	0.907665001	0.051083011
0.13519731	0.919207974	0.053377644
0.13532801	0.999619284	0.062525381
0.13545871	0.877789008	0.048649596
0.1355894	0.957082021	0.058388099
0.1357201	1.086587358	0.074209213
0.1358508	0.940794343	0.055354
0.1359815	1.011970706	0.064976173
0.13611219	1.041791046	0.068312641
0.13624289	1.17049694	0.08725901
0.13637359	1.080057934	0.07430788
0.13650429	1.045600888	0.072317021
0.13663498	1.176466899	0.088624754
0.13676568	1.070344892	0.073393357
0.13689638	0.938928387	0.05682242
0.13702707	0.93429205	0.056787714
0.13715777	0.996641195	0.063583598
0.13728847	1.215239061	0.095811107
0.13741917	1.031513818	0.068678992
0.13754986	1.004426973	0.065154791
0.13768056	1.006511357	0.066082362
0.13781126	1.021900253	0.067812683
0.13794196	0.954504648	0.05949541
0.13807265	1.081221479	0.076660471
0.13820335	1.097436658	0.079038444
0.13833405	0.990414043	0.065212049
0.13846474	1.184437717	0.092696314
0.13859544	1.049667752	0.072704241
0.13872614	1.0580919	0.073750473
0.13885684	1.048147089	0.072506769
0.13898753	0.904260933	0.056959343
0.13911823	0.89477032	0.05314305
0.13924893	1.054525753	0.074286296
0.13937963	1.101733865	0.081695628
0.13951032	1.045459072	0.072927209
0.13964102	1.334418949	0.119825877
0.13977172	1.049033886	0.07380976
0.13990242	0.965340517	0.062657383
0.14003311	1.09597329	0.080984076
0.14016381	0.929475784	0.05866385
0.14029451	0.952555501	0.061817007
0.1404252	0.955862885	0.062178746
0.1405559	0.988711447	0.069306256
0.1406866	0.963269048	0.06338053
0.1408173	0.915209049	0.057018734
0.14094799	1.02138664	0.071086422
0.14107869	0.974746992	0.068014082
0.14120939	1.0210616	0.071727008
0.14134009	1.134173957	0.088175713
0.14147078	0.920781399	0.058237524
0.14160148	0.939063765	0.060595338
0.14173218	1.02444741	0.072661158
0.14186287	1.071631555	0.078867707
0.14199357	1.035013485	0.074004097
0.14212427	0.982504655	0.066862781
0.14225497	1.15846155	0.093328701
0.14238566	1.056870087	0.077223801
0.14251636	0.957077206	0.062990972
0.14264706	0.980869671	0.066944543
0.14277776	0.901688424	0.056508934
0.14290845	1.112396165	0.085997262
0.14303915	0.980420009	0.067178569
0.14316985	0.975852553	0.067130825
0.14330055	0.935170467	0.061707057
0.14343124	1.018837859	0.073522545
0.14356194	1.00766333	0.07115746
0.14369264	0.925364003	0.060445116
0.14382333	0.992361908	0.072691863
0.14395403	1.050787568	0.07809384
0.14408473	1.027160185	0.075256155
0.14421543	0.820533219	0.047571219
0.14434612	0.832644789	0.049415423
0.14447682	0.832153368	0.049476734
0.14460752	1.01044356	0.075672378
0.14473822	0.973529066	0.067804513
0.14486891	0.938086985	0.063034503
0.14499961	1.161231097	0.096792957
0.14513031	0.961715671	0.067189912
0.14526101	0.978616246	0.069371277
0.1453917	1.140757434	0.094482637
0.1455224	1.040904188	0.078961035
0.1456531	1.180740035	0.100605306
0.14578379	1.085649263	0.08603202
0.14591449	1.132756618	0.093206939
0.14604519	0.871325144	0.056120555
0.14617589	0.948030501	0.066196252
0.14630658	0.894707664	0.058565873
0.14643728	0.962440851	0.068564697
0.14656798	0.853036669	0.053501235
0.14669868	1.141757383	0.096057816
0.14682937	0.995624803	0.07327848
0.14696007	0.958471665	0.067874917
0.14709077	1.126844753	0.094560548
0.14722146	1.075590564	0.086192537
0.14735216	0.925939248	0.070123815
0.14748286	0.979736967	0.078068783
0.14761356	1.072589271	0.086080537
0.14774425	0.902730107	0.061325746
0.14787495	1.103957275	0.091869546
0.14800565	0.957946361	0.068833117
0.14813635	1.010651275	0.076822859
0.14826704	0.942922539	0.06675637
0.14839774	0.87084867	0.05703155
0.14852844	1.007616872	0.077228636
0.14865914	1.066218974	0.086391897
0.14878983	0.970678008	0.074643185
0.14892053	0.946907874	0.071218434
0.14905123	1.022980756	0.078874622
0.14918192	0.913152648	0.063484573
0.14931262	1.071409188	0.087342339
0.14944332	1.106592011	0.097363449
0.14957402	1.003916037	0.077866399
0.14970471	1.02413832	0.079847977
0.14983541	1.079637683	0.090142392
0.14996611	0.974753571	0.073393812
0.15009681	1.062410033	0.08711004
0.1502275	1.153723991	0.102323354
0.1503582	0.951635262	0.069720427
0.1504889	0.946520807	0.069875748
0.15061959	0.967288746	0.072462816
0.15075029	0.921889525	0.066116353
0.15088099	0.992844386	0.076353083
0.15101169	1.187182641	0.113892664
0.15114238	0.99757319	0.07726149
0.15127308	1.08808078	0.093544525
0.15140378	0.964109704	0.072351683
0.15153448	0.954327465	0.071771254
0.15166517	1.017656143	0.081193583
0.15179587	1.004173677	0.082524759
0.15192657	1.057861948	0.08787066
0.15205727	1.005961732	0.079805384
0.15218796	0.930100233	0.068298571
0.15231866	1.002422724	0.080062423
0.15244936	1.036621081	0.084524946
0.15258005	0.944809891	0.070735261
0.15271075	1.212461898	0.117069338
0.15284145	1.019127395	0.083111392
0.15297215	1.105500014	0.098478415
0.15310284	1.024658787	0.083442441
0.15323354	0.983599275	0.077431854
0.15336424	1.099370904	0.097049751
0.15349494	0.892908652	0.064333018
0.15362563	0.997753279	0.079992138
0.15375633	1.061037071	0.090366686
0.15388703	0.933107761	0.069971544
0.15401772	1.032528767	0.086149997
0.15414842	1.022723038	0.084737176
0.15427912	0.95645705	0.074387742
0.15440982	0.984915788	0.079163313
0.15454051	0.969109751	0.075781058
0.15467121	1.250318349	0.12636375
0.15480191	0.949363243	0.073919011
0.15493261	0.98908593	0.079972283
0.1550633	0.898374589	0.065885516
0.155194	0.980845697	0.07916042
0.1553247	1.021353218	0.085693836
0.1554554	1.193458875	0.117024837
0.15558609	0.923459134	0.070467421
0.15571679	1.043859784	0.089482964
0.15584749	0.919150628	0.072559103
0.15597818	0.999618733	0.082400955
0.15610888	1.176872686	0.115106779
0.15623958	1.157011096	0.111310027
0.15637028	1.223843794	0.124691365
0.15650097	0.949851846	0.074830167
0.15663167	1.181863994	0.116016329
0.15676237	1.050045868	0.092640205
0.15689307	1.134726217	0.111627729
0.15702376	0.996109045	0.088080586
0.15715446	1.052827202	0.097362212
0.15728516	0.935361038	0.073285172
0.15741586	1.217592254	0.124644639
0.15754655	1.100338818	0.101813473
0.15767725	0.942554274	0.076239445
0.15780795	1.057617612	0.095297335
0.15793864	0.90245473	0.06995718
0.15806934	0.914491296	0.071614864
0.15820004	1.035797751	0.091293209
0.15833074	1.002758567	0.086053479
0.15846143	1.008280307	0.086848301
0.15859213	1.081369193	0.100678378
0.15872283	0.968036642	0.080567512
0.15885353	1.166121368	0.116671478
0.15898422	1.007083945	0.087514814
0.15911492	1.211003236	0.127162291
0.15924562	1.035348777	0.092149528
0.15937631	1.011098845	0.088269261
0.15950701	1.038679607	0.092805788
0.15963771	1.008591592	0.088403684
0.15976841	1.07478194	0.10099543
0.1598991	1.069592836	0.100201061
0.1600298	1.060528872	0.098505082
0.1601605	1.050362347	0.100208096
0.1602912	1.113407854	0.108756692
0.16042189	1.092814249	0.10492002
0.16055259	0.90960296	0.071843969
0.16068329	1.312712464	0.152157487
0.16081399	1.146257481	0.121768622
0.16094468	1.002009997	0.088832535
0.16107538	1.106388486	0.1086517
0.16120608	0.882341061	0.068826042
0.16133677	0.921723652	0.078977564
0.16146747	1.248116436	0.138114528
0.16159817	0.977956993	0.084777921
0.16172887	1.01426375	0.095583853
0.16185956	1.269661137	0.143179119
0.16199026	1.036112587	0.096046187
0.16212096	0.960878897	0.082677224
0.16225166	1.012122094	0.091397802
0.16238235	1.041048607	0.101369306
0.16251305	1.006769463	0.091842075
0.16264375	0.989644492	0.087498033
0.16277444	1.050857603	0.104892846
0.16290514	1.056912476	0.101008755
0.16303584	0.999087789	0.090502592
0.16316654	1.029543567	0.09667691
0.16329723	0.985453505	0.088122957
0.16342793	0.938029913	0.081073912
0.16355863	0.895206459	0.073130577
0.16368933	0.906255155	0.075450495
0.16382002	0.917353249	0.077468303
0.16395072	1.031720449	0.098588375
0.16408142	1.022695471	0.09663633
0.16421212	0.855503188	0.068008505
0.16434281	0.890459499	0.073669618
0.16447351	0.928105047	0.080311647
0.16460421	0.985794611	0.091094944
0.1647349	1.108790739	0.114254141
0.1648656	0.952326388	0.085275953
0.1649963	1.309950348	0.157670141
0.165127	1.080791674	0.109437304
0.16525769	0.929407386	0.081030092
0.16538839	1.061627628	0.106659792
0.16551909	1.242879178	0.144276363
0.16564979	0.968929391	0.088052043
0.16578048	1.06486034	0.106958693
0.16591118	0.91771171	0.08069371
0.16604188	1.052309235	0.105432109
0.16617257	0.977520039	0.090525006
0.16630327	0.981974628	0.091661836
0.16643397	1.008151505	0.097045867
0.16656467	1.223209572	0.143574875
0.16669536	0.957188469	0.091644805
0.16682606	1.140732663	0.125212666
0.16695676	1.002114924	0.096509888
0.16708746	1.072287405	0.114853208
0.16721815	0.914754861	0.0809883
0.16734885	1.076463215	0.112914861
0.16747955	1.102038471	0.118234325
0.16761025	1.033724456	0.10382184
0.16774094	0.9839128	0.094595647
0.16787164	1.137955853	0.125946503
0.16800234	1.070698669	0.112070595
0.16813303	0.933404849	0.085144951
0.16826373	0.872242937	0.07465951
0.16839443	0.811130724	0.06474059
0.16852513	1.105490386	0.120899162
0.16865582	1.077872019	0.114672698
0.16878652	1.136270053	0.127537743
0.16891722	1.193385653	0.142133849
0.16904792	0.879945315	0.07648986
0.16917861	0.773214093	0.059689986
0.16930931	0.975006905	0.095052471
0.16944001	0.907799169	0.082394738
0.16957071	1.10969586	0.123714834
0.1697014	1.063539861	0.112997359
0.1698321	0.957778511	0.092477791
0.1699628	1.10299317	0.123249363
0.17009349	1.017420392	0.103557854
0.17022419	1.126178364	0.129300165
0.17035489	1.033393616	0.108961082
0.17048559	0.830958869	0.070349277
0.17061628	1.006616629	0.104246192
0.17074698	1.326114372	0.179291637
0.17087768	1.231491238	0.156250133
0.17100838	0.883025963	0.079832644
0.17113907	1.136493398	0.136955833
0.17126977	1.184916222	0.145856058
0.17140047	1.12742804	0.137947199
0.17153116	1.511456554	0.237495377
0.17166186	1.076850568	0.120452817
0.17179256	1.049908859	0.119203314
0.17192326	1.013962583	0.106651604
0.17205395	1.047490429	0.11419832
0.17218465	0.914876007	0.087743808
0.17231535	1.040396131	0.114071763
0.17244605	0.899193484	0.084315556
0.17257674	0.91668684	0.088360494
0.17270744	0.849445902	0.077392621
0.17283814	1.063227785	0.119519076
0.17296884	0.870831963	0.080790504
0.17309953	1.094127821	0.128030339
0.17323023	0.87222024	0.080379724
0.17336093	1.04566285	0.118099773
0.17349162	1.023494827	0.11780235
0.17362232	1.116663641	0.13391085
0.17375302	0.924615444	0.09164896
0.17388372	1.176809908	0.148852149
0.17401441	1.101094589	0.135632626
0.17414511	1.081293808	0.124862746
0.17427581	0.947212124	0.100906967
0.17440651	0.871101925	0.086102416
0.1745372	0.980281918	0.102795907
0.1746679	1.098505036	0.131222838
0.1747986	1.014033896	0.110385121
0.17492929	1.512192467	0.249251868
0.17505999	0.975923201	0.104181698
0.17519069	0.870299293	0.082664418
0.17532139	0.947593782	0.098049163
0.17545208	0.965886827	0.102240972
0.17558278	1.234910813	0.168041535
0.17571348	1.057383808	0.122996025
0.17584418	0.951665815	0.099572844
0.17597487	1.064776695	0.127045188
0.17610557	0.912169723	0.093075797
0.17623627	0.927660432	0.096196698
0.17636697	0.833552388	0.077393401
0.17649766	0.97077497	0.106001767
0.17662836	1.036330453	0.12089992
0.17675906	1.053784787	0.125627231
0.17688975	0.99849389	0.116456858
0.17702045	0.984436538	0.109638141
0.17715115	0.802051606	0.07272614
0.17728185	0.8354106	0.079279575
0.17741254	1.132212486	0.145428829
0.17754324	1.350861711	0.206380595
0.17767394	1.207813855	0.166134065
0.17780464	1.094752853	0.137194208
0.17793533	0.973745485	0.107930981
0.17806603	1.495342174	0.257231721
0.17819673	1.004544914	0.115341639
0.17832743	1.024454352	0.122024833
0.17845812	0.919321434	0.097691402
0.17858882	1.164516925	0.158202382
0.17871952	0.985814349	0.11335418
0.17885021	1.040391056	0.125253995
0.17898091	1.035104479	0.131803241
0.17911161	1.143643939	0.160280664
0.17924231	0.931837098	0.101554261
0.179373	1.095438428	0.14059958
0.1795037	1.069003909	0.134088208
0.1796344	0.975547289	0.111791571
0.1797651	1.188005227	0.167738515
0.17989579	0.839622323	0.086724654
0.18002649	0.953435465	0.107508727
0.18015719	1.329441913	0.208497942
0.18028788	1.04980987	0.131323785
0.18041858	1.060556155	0.136229663
0.18054928	1.230656657	0.183592208
0.18067998	0.901597713	0.098338587
0.18081067	0.91012998	0.10099832
0.18094137	1.064214054	0.140382806
0.18107207	1.163159011	0.169164729
0.18120277	1.209414487	0.186333519
0.18133346	1.008785988	0.129326507
0.18146416	1.014578089	0.131338316
0.18159486	0.932760054	0.112050028
0.18172556	0.870436488	0.098644721
0.18185625	0.803881596	0.083777261
0.18198695	0.7946233	0.082613998
0.18211765	1.259089253	0.211671408
0.18224834	1.188691782	0.188167576
0.18237904	1.50527803	0.302565024
0.18250974	1.167631937	0.183823758
0.18264044	1.04087764	0.152935836
0.18277113	1.000343949	0.136335376
0.18290183	1.212147622	0.202627179
0.18303253	0.788467041	0.084732746
0.18316323	0.871761547	0.105771012
0.18329392	0.783849931	0.085335264
0.18342462	0.933852816	0.121507017
0.18355532	1.076256175	0.163994899
0.18368601	1.255527743	0.220508683
0.18381671	0.880160388	0.109053972
0.18394741	0.798230221	0.090592025
0.18407811	0.778842807	0.086651285
0.1842088	0.661376643	0.06217307
0.1843395	1.032613361	0.152518215
0.1844702	0.992197801	0.140499099
0.1846009	0.87184173	0.111276871
0.18473159	0.864284883	0.108974182
0.18486229	0.852603288	0.106241091
0.18499299	0.862152331	0.109016195
0.18512369	0.950514934	0.134405932
0.18525438	0.984980191	0.14407889
0.18538508	1.009669789	0.148755065
0.18551578	0.893262025	0.119038193
0.18564647	0.840000216	0.106476784
0.18577717	1.238249906	0.228599746
0.18590787	1.298455694	0.251775997
0.18603857	1.197031609	0.210918251
0.18616926	0.849672812	0.106439141
0.18629996	1.291383377	0.244136817
0.18643066	0.889336879	0.117080246
0.18656136	1.545858544	0.35081425
0.18669205	0.827146469	0.099600747
0.18682275	0.989269468	0.140475586
0.18695345	0.926742526	0.123592422
0.18708414	0.901981984	0.118299278
0.18721484	1.006268994	0.148380605
0.18734554	1.0142534	0.148416666
0.18747624	0.94654288	0.130227171
0.18760693	0.815772946	0.096363133
0.18773763	1.105829986	0.179128165
0.18786833	1.043381626	0.163027034
0.18799903	0.971968323	0.137412901
0.18812972	1.160316629	0.20600966
0.18826042	1.221561764	0.218595959
0.18839112	1.16218409	0.197313343
0.18852182	0.848386428	0.105282232
0.18865251	0.769847736	0.088039304
0.18878321	1.30234522	0.248661424
0.18891391	1.11920703	0.184180575
0.1890446	0.848016238	0.104512505
0.1891753	1.08459119	0.172317055
0.189306	1.22247141	0.226819084
0.1894367	0.933923174	0.127474199
0.18956739	0.912750724	0.122648177
0.18969809	1.212070656	0.216191048
0.18982879	1.973916587	0.574962033
0.18995949	1.254338956	0.232355097
0.19009018	0.947495846	0.13370307
0.19022088	1.047165762	0.164242406
0.19035158	1.145950676	0.196524057
0.19048228	1.132862118	0.187991073
0.19061297	0.930189527	0.128420336
0.19074367	0.944154139	0.131627236
0.19087437	1.442149742	0.309584628
0.19100506	1.395770446	0.289030546
0.19113576	0.764779381	0.087249478
0.19126646	0.993395408	0.149833761
0.19139716	1.005327156	0.15228939
0.19152785	0.998529861	0.15646991
0.19165855	0.864510054	0.118110039
0.19178925	0.953229761	0.136420838
0.19191995	0.908433249	0.125003506
0.19205064	1.154636999	0.20330544
0.19218134	1.297625221	0.269477175
0.19231204	1.286437009	0.254004326
0.19244273	0.760023324	0.086818267
0.19257343	1.493926828	0.342739839
0.19270413	0.840938966	0.108655882
0.19283483	0.971702996	0.144916261
0.19296552	0.731256315	0.08137434
0.19309622	0.980196464	0.147861047
0.19322692	0.947797706	0.139318103
0.19335762	1.021179041	0.161751042
0.19348831	0.812133416	0.102224018
0.19361901	0.987937049	0.152649485
0.19374971	1.73207073	0.474179416
0.19388041	1.008035007	0.158062451
0.1940111	1.507531195	0.3562456
0.1941418	0.86829884	0.118079053
0.1942725	0.972522227	0.149946795
0.19440319	1.397907528	0.313847666
0.19453389	1.338390815	0.282236806
0.19466459	1.179555136	0.221975351
0.19479529	1.160854214	0.234915404
0.19492598	1.023188868	0.183979615
0.19505668	1.029591719	0.170388972
0.19518738	0.988484836	0.157567408
0.19531808	0.961691311	0.148189667
0.19544877	0.747190615	0.089751029
0.19557947	0.933866091	0.139191407
0.19571017	0.748951596	0.091655946
0.19584086	0.957337888	0.149057215
0.19597156	0.915256512	0.135516482
0.19610226	1.127762193	0.216282357
0.19623296	1.007945308	0.165740009
0.19636365	0.881382344	0.12775047
0.19649435	1.049473329	0.179210818
0.19662505	0.832949768	0.114814471
0.19675575	1.109106023	0.203578277
0.19688644	0.914577146	0.138071803
0.19701714	1.060412279	0.186947139
0.19714784	1.688983341	0.479598425
0.19727854	1.171344395	0.228759721
0.19740923	1.011374398	0.170017573
0.19753993	0.809284897	0.108601414
0.19767063	0.845462358	0.12100866
0.19780132	1.143315908	0.222697442
0.19793202	1.090172146	0.202393236
0.19806272	0.924640037	0.145336663
0.19819342	0.90318275	0.139275397
0.19832411	1.088421154	0.210779025
0.19845481	1.181967061	0.239645968
0.19858551	0.802142827	0.109573383
0.19871621	1.095188832	0.206044003
0.1988469	0.916645179	0.146162971
0.1989776	1.008193707	0.17476891
0.1991083	0.970310801	0.161799344
0.19923899	1.238447653	0.262763005
0.19936969	1.182571528	0.243200654
0.19950039	0.988872627	0.169279637
0.19963109	1.208725117	0.252712643
0.19976178	0.963346412	0.161332258
0.19989248	0.688368795	0.082635288