#mAbG 50 mM NaCl 10 mg/ml with FF 1 and 2 mg/ml		
#q	S(q)	deltaS(q)
0.004630697	0.87266782	0.024127011
0.004761395	0.891251701	0.022957909
0.004892092	0.921171891	0.023606335
0.005022789	0.872729818	0.019670535
0.005153487	0.924371303	0.022377354
0.005284184	0.87952958	0.017933743
0.005414881	0.867179594	0.016410395
0.005545579	0.884273066	0.016507881
0.005676276	0.905295182	0.016810708
0.005806973	0.868955803	0.014945553
0.00593767	0.873176112	0.014449669
0.006068368	0.869979623	0.013379698
0.006199065	0.875285129	0.013492652
0.006329762	0.879773837	0.01332458
0.00646046	0.889081954	0.0132494
0.006591157	0.902651394	0.013395141
0.006721854	0.907074315	0.012964142
0.006852552	0.904176016	0.012755025
0.006983249	0.891954322	0.012160432
0.007113946	0.907464624	0.012151547
0.007244644	0.894021019	0.011712094
0.007375341	0.908030759	0.011673673
0.007506038	0.890344338	0.01097537
0.007636736	0.879694662	0.010873391
0.007767433	0.8760091	0.010324394
0.00789813	0.908253847	0.011170314
0.008028827	0.91380832	0.010757754
0.008159525	0.89809525	0.010402389
0.008290222	0.902380526	0.010549948
0.008420919	0.881782452	0.009822436
0.008551617	0.891043311	0.009918969
0.008682314	0.868467443	0.009278122
0.008813011	0.91427867	0.010276267
0.008943709	0.894616863	0.009921455
0.009074406	0.893970603	0.009626488
0.009205103	0.900316824	0.009539902
0.009335801	0.895951658	0.009216461
0.009466498	0.887588601	0.008893714
0.009597195	0.90528231	0.009147107
0.009727893	0.892186215	0.008878181
0.00985859	0.90339933	0.009049641
0.009989287	0.896170592	0.009486171
0.010119984	0.90204562	0.008766434
0.010250682	0.914729594	0.008876416
0.010381379	0.906410267	0.00891242
0.010512076	0.908491756	0.008643499
0.010642774	0.904203438	0.008958403
0.010773471	0.923726766	0.008605267
0.010904168	0.896846806	0.008232667
0.011034866	0.909999921	0.008208274
0.011165563	0.900016094	0.008135032
0.01129626	0.914976197	0.008326005
0.011426958	0.879328148	0.007694186
0.011557655	0.906003238	0.007926035
0.011688352	0.897552224	0.007690499
0.011819049	0.918507073	0.007941306
0.011949747	0.916119262	0.007927617
0.012080444	0.90685602	0.007662639
0.012211141	0.91715144	0.00767634
0.012341839	0.902081379	0.007256645
0.012472536	0.890857964	0.007001445
0.012603233	0.894254147	0.007106079
0.012733931	0.905917163	0.007104009
0.012864628	0.915968303	0.007159163
0.012995325	0.910678477	0.006988322
0.013126023	0.905447293	0.00687585
0.01325672	0.891932911	0.006874299
0.013387417	0.891990087	0.006888763
0.013518115	0.903546609	0.006637827
0.013648812	0.900836525	0.006579467
0.013779509	0.904478764	0.006548566
0.013910206	0.898543357	0.006438037
0.014040904	0.925508764	0.006803802
0.014171601	0.908957279	0.006508113
0.014302298	0.915849143	0.006836381
0.014432996	0.910461752	0.006441692
0.014563693	0.911030079	0.006426659
0.01469439	0.909196869	0.006719832
0.014825088	0.904104245	0.006326817
0.014955785	0.908907957	0.006390099
0.015086482	0.89436948	0.006235251
0.01521718	0.910286217	0.006274037
0.015347877	0.902302497	0.006258532
0.015478574	0.908497022	0.006242866
0.015609272	0.920784971	0.006601745
0.015739969	0.910945692	0.006267269
0.015870666	0.914955295	0.006185096
0.016001363	0.916283929	0.006257411
0.016132061	0.910196334	0.00643273
0.016262758	0.894950718	0.006012772
0.016393455	0.907476106	0.006394879
0.016524153	0.910567145	0.006294673
0.01665485	0.898886421	0.005954008
0.016785547	0.914522819	0.006159718
0.016916245	0.912491904	0.006542386
0.017046942	0.913132942	0.006110238
0.017177639	0.909522725	0.006020628
0.017308337	0.906518493	0.00617496
0.017439034	0.907283847	0.005980895
0.017569731	0.904628964	0.006155375
0.017700429	0.91404374	0.006013388
0.017831126	0.913456355	0.005991121
0.017961823	0.910061409	0.005895452
0.01809252	0.910129239	0.00602905
0.018223218	0.911935846	0.005946847
0.018353915	0.907921258	0.005870774
0.018484612	0.923119618	0.00606005
0.01861531	0.905521416	0.005797947
0.018746007	0.907104493	0.005833969
0.018876704	0.919802817	0.005955331
0.019007402	0.909932885	0.005863213
0.019138099	0.905231825	0.005827257
0.019268796	0.919546617	0.005945061
0.019399494	0.904912315	0.0057541
0.019530191	0.922433597	0.005970758
0.019660888	0.911123883	0.005807981
0.019791586	0.919650803	0.006126358
0.019922283	0.919948538	0.005876865
0.02005298	0.918474041	0.006033251
0.020183677	0.91995891	0.005892205
0.020314375	0.909719052	0.005749321
0.020445072	0.919096348	0.006076677
0.020575769	0.92316366	0.005867195
0.020706467	0.911346848	0.005767964
0.020837164	0.919407655	0.005841633
0.020967861	0.907831905	0.005717413
0.021098559	0.920549126	0.005854123
0.021229256	0.911907317	0.005772365
0.021359953	0.918393876	0.005813816
0.021490651	0.910010851	0.005904283
0.021621348	0.909722279	0.005949345
0.021752045	0.904814897	0.005685639
0.021882743	0.90767503	0.005728088
0.02201344	0.914792139	0.005729119
0.022144137	0.914989489	0.005758642
0.022274834	0.912565957	0.005734695
0.022405532	0.921839362	0.005790335
0.022536229	0.921451717	0.005850414
0.022666926	0.905849582	0.005665195
0.022797624	0.919286529	0.005779233
0.022928321	0.905604799	0.005664338
0.023059018	0.92545534	0.005899197
0.023189716	0.91624823	0.005799624
0.023320413	0.93043669	0.005908506
0.02345111	0.920547204	0.005785929
0.023581808	0.921852989	0.005839797
0.023712505	0.915544989	0.005746404
0.023843202	0.933884012	0.005943398
0.023973899	0.919755233	0.005835701
0.024104597	0.922175162	0.005997505
0.024235294	0.920871434	0.005788083
0.024365991	0.911387932	0.005736101
0.024496689	0.910661965	0.00569196
0.024627386	0.912794237	0.005722262
0.024758083	0.919871404	0.005989509
0.024888781	0.917088146	0.005787092
0.025019478	0.919722706	0.005774744
0.025150175	0.915191631	0.0057579
0.025280873	0.925221499	0.005932845
0.02541157	0.919084962	0.005797326
0.025542267	0.911973644	0.005721131
0.025672965	0.914552835	0.0057251
0.025803662	0.91076592	0.005703394
0.025934359	0.931932813	0.005960386
0.026065056	0.914151974	0.005967665
0.026195754	0.921261724	0.005819261
0.026326451	0.914001083	0.005754438
0.026457148	0.925298201	0.005851726
0.026587846	0.915896919	0.005800608
0.026718543	0.927595797	0.005905288
0.02684924	0.923781972	0.005881642
0.026979938	0.921608239	0.005908561
0.027110635	0.923884629	0.006076167
0.027241332	0.923417573	0.005911906
0.02737203	0.929191238	0.006011221
0.027502727	0.934627872	0.006026691
0.027633424	0.917143197	0.005861927
0.027764122	0.925431883	0.005931774
0.027894819	0.923204985	0.005913814
0.028025516	0.923508726	0.005977253
0.028156213	0.928899862	0.006432488
0.028286911	0.931182066	0.00623161
0.028417608	0.916836145	0.005906807
0.028548305	0.923259101	0.005950938
0.028679003	0.929817342	0.006096622
0.0288097	0.917621288	0.006152387
0.028940397	0.924572041	0.005971245
0.029071095	0.91946306	0.005998872
0.029201792	0.928958022	0.006060212
0.029332489	0.92753741	0.006094514
0.029463187	0.932640693	0.006153121
0.029593884	0.943967941	0.006471109
0.029724581	0.925991234	0.006083421
0.029855279	0.924335839	0.006027629
0.029985976	0.929249319	0.006159093
0.030116673	0.931307294	0.006137727
0.03024737	0.920414679	0.006063835
0.030378068	0.932250919	0.006189811
0.030508765	0.942264946	0.006302285
0.030639462	0.920656372	0.006035334
0.03077016	0.929380765	0.006198289
0.030900857	0.913348477	0.006041784
0.031031554	0.936103868	0.006319422
0.031162252	0.92778136	0.006182845
0.031292949	0.927112037	0.006193848
0.031423646	0.93501272	0.006322617
0.031554344	0.931394983	0.006272955
0.031685041	0.936360976	0.006341197
0.031815738	0.927257068	0.006233573
0.031946436	0.930613971	0.006535523
0.032077133	0.937617697	0.006426946
0.03220783	0.934246756	0.006389639
0.032338527	0.927493453	0.006310064
0.032469225	0.936865064	0.006513558
0.032599922	0.932559132	0.006829844
0.032730619	0.934758967	0.006470276
0.032861317	0.934936569	0.006469307
0.032992014	0.940929339	0.006564699
0.033122711	0.914125465	0.006267751
0.033253409	0.942267161	0.006852779
0.033384106	0.930178833	0.006478758
0.033514803	0.925591746	0.006466486
0.033645501	0.939071313	0.006727672
0.033776198	0.928761606	0.006677959
0.033906895	0.936761869	0.006753706
0.034037593	0.948507611	0.006909588
0.03416829	0.936146665	0.006880325
0.034298987	0.915614126	0.006645288
0.034429684	0.931928732	0.007178469
0.034560382	0.943634158	0.007103334
0.034691079	0.931092542	0.006962071
0.034821776	0.950704574	0.00721936
0.034952474	0.940846399	0.007188501
0.035083171	0.934540371	0.007118457
0.035213868	0.921768191	0.007060271
0.035344566	0.937738502	0.007326769
0.035475263	0.95323459	0.007679409
0.03560596	0.933061815	0.007501279
0.035736658	0.926010546	0.007376051
0.035867355	0.925247393	0.007459393
0.035998052	0.9309774	0.007562223
0.03612875	0.928868985	0.007526601
0.036259447	0.949552189	0.007896316
0.036390144	0.935645058	0.008031412
0.036520841	0.939560678	0.007910002
0.036651539	0.943969874	0.007988662
0.036782236	0.939686561	0.007949207
0.036912933	0.923001294	0.00800389
0.037043631	0.942025776	0.00837076
0.037174328	0.943556845	0.008539186
0.037305025	0.940920255	0.008149378
0.037435723	0.949104957	0.008334472
0.03756642	0.930034531	0.008124225
0.037697117	0.94118177	0.008358186
0.037827815	0.928833279	0.008227374
0.037958512	0.937447373	0.008404791
0.038089209	0.958206831	0.008721316
0.038219907	0.962393627	0.009162712
0.038350604	0.956600539	0.008848471
0.038481301	0.936837395	0.008532716
0.038611998	0.960362817	0.008860986
0.038742696	0.948961837	0.008626615
0.038873393	0.929161273	0.008388152
0.03900409	0.940089603	0.008553266
0.039134788	0.929458861	0.008398749
0.039265485	0.923450749	0.008366375
0.039396182	0.942837988	0.008610836
0.03952688	0.943186704	0.008941296
0.039657577	0.952420137	0.00885121
0.039788274	0.945476329	0.008719745
0.039918972	0.948944515	0.008848199
0.040049669	0.932974392	0.008613863
0.040180366	0.935560967	0.008640516
0.040311063	0.931109373	0.008598937
0.040441761	0.922362767	0.008505929
0.040572458	0.926499762	0.00867527
0.040703155	0.915616345	0.008424536
0.040833853	0.945690274	0.008986935
0.04096455	0.949414552	0.009439576
0.041095247	0.942130845	0.008984297
0.041225945	0.933975922	0.009551151
0.041356642	0.958147399	0.009362351
0.041487339	0.946785584	0.009159705
0.041618037	0.946423052	0.009240925
0.041748734	0.96038663	0.009424352
0.041879431	0.938167013	0.009173738
0.042010129	0.927506471	0.009037368
0.042140826	0.949550948	0.009742678
0.042271523	0.963588817	0.010036456
0.04240222	0.939141365	0.009320227
0.042532918	0.95976881	0.00967375
0.042663615	0.964664682	0.009960253
0.042794312	0.944784913	0.009483162
0.04292501	0.93921183	0.009464081
0.043055707	0.945625765	0.00954255
0.043186404	0.931267387	0.009353671
0.043317102	0.917491988	0.009243801
0.043447799	0.934818464	0.009503646
0.043578496	0.947237442	0.009778066
0.043709194	0.929116877	0.009482129
0.043839891	0.966248055	0.010884164
0.043970588	0.953395988	0.010091539
0.044101286	0.954687652	0.010509293
0.044231983	0.955281234	0.010125854
0.04436268	0.943172979	0.009970161
0.044493377	0.922124553	0.009512486
0.044624075	0.947721807	0.010098733
0.044754772	0.932871926	0.009900006
0.044885469	0.914405552	0.009561168
0.045016167	0.933127883	0.010011892
0.045146864	0.950728573	0.010318836
0.045277561	0.941064551	0.010144176
0.045408259	0.938917824	0.010209663
0.045538956	0.945888354	0.010290923
0.045669653	0.924293807	0.010063297
0.045800351	0.926394265	0.01007983
0.045931048	0.936612196	0.010364375
0.046061745	0.933373309	0.010341783
0.046192443	0.956410722	0.01086558
0.04632314	0.940324888	0.010599744
0.046453837	0.948656081	0.010977128
0.046584534	0.962816655	0.011308097
0.046715232	0.935546629	0.010958426
0.046845929	0.941939092	0.011123352
0.046976626	0.938863991	0.011099419
0.047107324	0.943117203	0.011808539
0.047238021	0.957767746	0.011682855
0.047368718	0.945091963	0.011514538
0.047499416	0.941327356	0.011598769
0.047630113	0.960602979	0.012415722
0.04776081	0.967022355	0.012782438
0.047891508	0.947306135	0.011918092
0.048022205	0.965623073	0.012320087
0.048152902	0.966856886	0.012975655
0.0482836	0.95091183	0.012573609
0.048414297	0.959490328	0.013028103
0.048544994	0.949008682	0.012307276
0.048675691	0.964368285	0.012705175
0.048806389	0.946492366	0.012787173
0.048937086	0.951746019	0.012622706
0.049067783	0.938306634	0.012341311
0.049198481	0.980810749	0.013517586
0.049329178	0.98442679	0.013579093
0.049459875	0.979260552	0.01352452
0.049590573	0.971732124	0.013953003
0.04972127	0.951460379	0.012962202
0.049851967	0.936271729	0.012669802
0.049982665	0.952427852	0.013181077
0.050113362	0.960996128	0.013517959
0.050244059	0.953282248	0.013387037
0.050374757	0.964085701	0.013892964
0.050505454	0.963569556	0.014423339
0.050636151	0.941667015	0.013188781
0.050766848	0.94034263	0.013307571
0.050897546	0.946686491	0.013592555
0.051028243	0.934762625	0.013533043
0.05115894	0.938895438	0.013508616
0.051289638	0.925978767	0.013222373
0.051420335	0.956523122	0.014068584
0.051551032	0.969539564	0.014650334
0.05168173	0.953154384	0.014213828
0.051812427	0.963315073	0.014641733
0.051943124	0.96396616	0.014673235
0.052073822	0.928495741	0.013699308
0.052204519	0.958040731	0.01472626
0.052335216	0.945843831	0.01496338
0.052465914	0.935707428	0.014167102
0.052596611	0.937718145	0.014693239
0.052727308	0.946939198	0.014569718
0.052858005	0.953182477	0.014870491
0.052988703	0.917631648	0.013953827
0.0531194	0.923207303	0.014211235
0.053250097	0.9381418	0.014741794
0.053380795	0.930153924	0.014483415
0.053511492	0.95622192	0.015308547
0.053642189	0.9907934	0.016472762
0.053772887	0.957373356	0.015418378
0.053903584	0.992561949	0.017438349
0.054034281	0.956644228	0.015755358
0.054164979	0.955757974	0.015632064
0.054295676	0.973742833	0.016376776
0.054426373	0.968568419	0.016306399
0.054557071	0.95628566	0.016072165
0.054687768	0.971269545	0.016539262
0.054818465	0.952535782	0.01618558
0.054949162	0.970724377	0.016510807
0.05507986	0.960686379	0.016200999
0.055210557	0.92203343	0.015353949
0.055341254	0.940942407	0.015896104
0.055471952	0.969998739	0.017014725
0.055602649	0.979133275	0.017230237
0.055733346	0.972301509	0.017152371
0.055864044	0.968978894	0.017146221
0.055994741	0.945176914	0.01651301
0.056125438	0.962309643	0.017062431
0.056256136	0.950228973	0.016881501
0.056386833	0.951483057	0.016673191
0.05651753	0.969663236	0.01767503
0.056648228	0.954463807	0.017163962
0.056778925	0.978696047	0.018542747
0.056909622	0.92472084	0.01617556
0.057040319	0.9485004	0.017083126
0.057171017	0.979489396	0.018063644
0.057301714	0.978127347	0.019692194
0.057432411	0.994189142	0.018854142
0.057563109	0.98259794	0.019256347
0.057693806	0.939060268	0.016966936
0.057824503	0.949035241	0.0174247
0.057955201	0.939807248	0.017359811
0.058085898	0.965468436	0.017924172
0.058216595	0.999266648	0.019395103
0.058347293	0.979963903	0.018744372
0.05847799	0.953528764	0.018317055
0.058608687	0.96152771	0.018289265
0.058739384	0.964107148	0.018299146
0.058870082	0.954050526	0.018664739
0.059000779	0.966171108	0.018629827
0.059131476	0.926940123	0.016954049
0.059262174	0.989827019	0.019536602
0.059392871	0.952271149	0.018136322
0.059523568	0.940915582	0.017905451
0.059654266	0.957844605	0.018443554
0.059784963	0.932823058	0.017453612
0.05991566	0.947018826	0.018264216
0.060046358	0.960392801	0.018814401
0.060177055	0.933468977	0.017631606
0.060307752	0.931950423	0.017675702
0.06043845	0.92751208	0.017523992
0.060569147	1.023316039	0.02119688
0.060699844	0.978881263	0.019673464
0.060830541	0.936653733	0.017995922
0.060961239	0.94231437	0.018366888
0.061091936	0.988313736	0.020313012
0.061222633	0.98294949	0.019827248
0.061353331	1.000601669	0.020864147
0.061484028	0.963518906	0.019176097
0.061614725	0.946986517	0.019030476
0.061745423	0.945735374	0.018947452
0.06187612	0.946583516	0.018913031
0.062006817	0.961032601	0.019465913
0.062137515	0.980243114	0.02025698
0.062268212	0.98629894	0.020620064
0.062398909	0.928831231	0.018306584
0.062529607	0.917808257	0.017910386
0.062660304	0.919399475	0.018195655
0.062791001	0.965021098	0.019911257
0.062921698	0.943738657	0.01914035
0.063052396	0.947741722	0.019495168
0.063183093	0.924301653	0.018651138
0.06331379	0.950809542	0.019560325
0.063444488	0.913641779	0.018367879
0.063575185	0.996636921	0.021593769
0.063705882	0.936226048	0.019290407
0.06383658	0.923693036	0.018716913
0.063967277	0.993606395	0.021630383
0.064097974	0.955776256	0.02010017
0.064228672	0.965384518	0.020388283
0.064359369	0.950457053	0.0199473
0.064490066	0.950052893	0.020084577
0.064620764	0.960085575	0.020306788
0.064751461	0.947938507	0.020046163
0.064882158	0.935187676	0.019361274
0.065012855	0.901746459	0.018372856
0.065143553	0.957933873	0.020670988
0.06527425	0.934765387	0.019676879
0.065404947	0.992082171	0.021760531
0.065535645	0.938508842	0.021561516
0.065666342	0.973856175	0.022280351
0.065797039	0.968627138	0.021193965
0.065927737	0.960512138	0.020929679
0.066058434	0.951451786	0.020800674
0.066189131	0.948150545	0.021791892
0.066319829	0.939290761	0.020253844
0.066450526	0.967784152	0.021617834
0.066581223	0.95785044	0.022807444
0.066711921	0.984292318	0.022302856
0.066842618	0.983036446	0.023313828
0.066973315	0.956029232	0.021219827
0.067104012	0.944844419	0.020966701
0.06723471	0.95848206	0.021283397
0.067365407	0.985889588	0.022653403
0.067496104	0.935951176	0.02047135
0.067626802	0.949121153	0.021070073
0.067757499	0.996319222	0.023078223
0.067888196	0.913807399	0.020080171
0.068018894	0.95468268	0.021464907
0.068149591	0.958690124	0.021874146
0.068280288	0.927427886	0.020378364
0.068410986	0.911983002	0.019857122
0.068541683	0.893453645	0.019370244
0.06867238	0.921841303	0.020215692
0.068803078	0.96035615	0.022139644
0.068933775	1.024340192	0.025011712
0.069064472	0.996685334	0.023573963
0.069195169	0.987933125	0.023369554
0.069325867	0.952247652	0.021816922
0.069456564	0.99415809	0.023780312
0.069587261	0.91804698	0.020427202
0.069717959	0.976783085	0.022954723
0.069848656	1.006808106	0.024559354
0.069979353	0.996831791	0.024200355
0.070110051	0.947261373	0.022706202
0.070240748	0.926597063	0.020949941
0.070371445	0.975619742	0.023177771
0.070502143	0.916461183	0.020690351
0.07063284	0.9141024	0.020553062
0.070763537	0.953886069	0.022479324
0.070894235	1.000488893	0.024683742
0.071024932	0.945143626	0.022171354
0.071155629	0.968846433	0.023323794
0.071286326	0.932835596	0.021669314
0.071417024	0.961920746	0.022994239
0.071547721	0.980272331	0.02379438
0.071678418	0.904165867	0.02042126
0.071809116	0.973464113	0.023676721
0.071939813	0.957036396	0.02319571
0.07207051	0.950220786	0.022825675
0.072201208	1.018369324	0.026271336
0.072331905	0.94729944	0.022780836
0.072462602	0.958124987	0.024056898
0.0725933	0.946977446	0.023026318
0.072723997	0.9320114	0.022099966
0.072854694	0.941492716	0.022645679
0.072985392	0.975710223	0.024535452
0.073116089	0.932308976	0.023072716
0.073246786	0.972884524	0.024363369
0.073377483	0.897829929	0.020901346
0.073508181	0.957617013	0.023580351
0.073638878	0.973928037	0.024589417
0.073769575	0.989831453	0.025152633
0.073900273	0.951022012	0.023585163
0.07403097	0.935955098	0.023036975
0.074161667	0.952311674	0.02344999
0.074292365	0.995052074	0.025821905
0.074423062	0.967592127	0.024390062
0.074553759	0.952062022	0.023766539
0.074684457	0.897321936	0.021307093
0.074815154	0.991647252	0.025894712
0.074945851	0.981689708	0.025581498
0.075076549	0.916138271	0.022632998
0.075207246	0.980887648	0.025364619
0.075337943	0.963607108	0.024715848
0.07546864	0.923776562	0.022742311
0.075599338	0.960493208	0.024605919
0.075730035	0.974832383	0.025678041
0.075860732	0.924873981	0.023147063
0.07599143	0.903959698	0.022237867
0.076122127	0.947793669	0.024424311
0.076252824	0.947565728	0.023995276
0.076383522	0.988262322	0.026279397
0.076514219	0.922125411	0.023128544
0.076644916	0.952499526	0.024853381
0.076775614	0.97374039	0.025885044
0.076906311	0.92826366	0.02455199
0.077037008	0.977105708	0.026222566
0.077167705	0.928277676	0.023959627
0.077298403	0.94439168	0.024639922
0.0774291	0.955828097	0.025431225
0.077559797	0.990670209	0.027104928
0.077690495	1.004725941	0.027698399
0.077821192	0.977910272	0.026640014
0.077951889	0.983390126	0.026963855
0.078082587	0.949535546	0.025494611
0.078213284	0.986775088	0.027022179
0.078343981	0.960987727	0.025915327
0.078474679	1.017469427	0.029222808
0.078605376	0.959602758	0.026869032
0.078736073	1.025351146	0.029539172
0.078866771	0.946804827	0.02520511
0.078997468	1.003467201	0.029598655
0.079128165	1.022343518	0.029963904
0.079258862	0.9814323	0.027561689
0.07938956	0.889884624	0.022876059
0.079520257	0.925362667	0.024717475
0.079650954	0.963641482	0.026553127
0.079781652	0.975316274	0.027422907
0.079912349	0.98935796	0.028311737
0.080043046	1.030404886	0.017589442
0.080173744	1.001395071	0.016595409
0.080304441	0.945054273	0.014933596
0.080435138	0.970563568	0.015829776
0.080565836	0.987998178	0.016455421
0.080696533	0.996719584	0.016671085
0.08082723	1.00690789	0.017068857
0.080957928	0.952389045	0.015524025
0.081088625	0.954799706	0.015620146
0.081219322	0.981893448	0.016449563
0.081350019	0.966213448	0.016064312
0.081480717	0.975498875	0.01631613
0.081611414	0.978043646	0.0162636
0.081742111	0.9275928	0.014879856
0.081872809	0.960869553	0.015979539
0.082003506	1.015407188	0.017645646
0.082134203	0.968114187	0.016397407
0.082264901	0.999485216	0.017180105
0.082395598	0.979350242	0.016643928
0.082526295	0.97763803	0.016920468
0.082656993	0.985211952	0.016876296
0.08278769	0.999520006	0.018224313
0.082918387	0.964011217	0.016253747
0.083049085	0.996642842	0.017260888
0.083179782	0.971500605	0.016778669
0.083310479	0.986312136	0.017358668
0.083441176	0.989858627	0.01752621
0.083571874	0.967878219	0.016721699
0.083702571	0.97180383	0.016763868
0.083833268	0.972043401	0.016841228
0.083963966	0.999964809	0.017793531
0.084094663	0.982800059	0.017638246
0.08422536	0.992353277	0.01792104
0.084356058	0.995369509	0.018022952
0.084486755	0.962435237	0.016876157
0.084617452	0.987105065	0.017640707
0.08474815	0.987856607	0.019473736
0.084878847	0.992882519	0.01801203
0.085009544	1.017273491	0.018655817
0.085140242	1.004040873	0.018581407
0.085270939	1.017788115	0.019129248
0.085401636	0.986864581	0.018530524
0.085532333	0.961409907	0.017100563
0.085663031	0.961306341	0.017077366
0.085793728	0.960159114	0.017519775
0.085924425	0.96233465	0.017391885
0.086055123	0.980816945	0.018038606
0.08618582	0.970864922	0.017729362
0.086316517	1.001164105	0.01892064
0.086447215	0.963945293	0.017535097
0.086577912	0.968945092	0.017871632
0.086708609	0.975809517	0.017881362
0.086839307	0.951393379	0.018018079
0.086970004	1.003384386	0.019120566
0.087100701	1.027071652	0.019716585
0.087231399	0.99808278	0.019004694
0.087362096	0.951332962	0.017396947
0.087492793	0.986547291	0.018630272
0.08762349	0.980216886	0.019711789
0.087754188	0.987952598	0.018908805
0.087884885	0.988263075	0.01896889
0.088015582	0.978435042	0.018800315
0.08814628	0.981220948	0.018830552
0.088276977	0.980514066	0.019427593
0.088407674	0.977490388	0.018879132
0.088538372	0.982636107	0.018960347
0.088669069	0.937761231	0.017679375
0.088799766	1.02777655	0.020719391
0.088930464	0.990261204	0.020052712
0.089061161	0.978192615	0.019066972
0.089191858	1.005208553	0.020241668
0.089322556	0.976352746	0.020840189
0.089453253	1.023366604	0.020765437
0.08958395	0.981172771	0.019735583
0.089714647	0.927364739	0.018052371
0.089845345	1.016117971	0.020808319
0.089976042	1.000510022	0.020545403
0.090106739	0.962772512	0.019007306
0.090237437	0.963130983	0.019322624
0.090368134	0.980299639	0.020399131
0.090498831	0.979779739	0.019748788
0.090629529	1.007666218	0.021063485
0.090760226	0.958923751	0.019087641
0.090890923	0.983297439	0.020118909
0.091021621	1.021633679	0.022730306
0.091152318	0.978187252	0.020391369
0.091283015	0.966352575	0.020541223
0.091413713	1.052800214	0.023722608
0.09154441	1.005876165	0.022148711
0.091675107	1.016540163	0.022876051
0.091805804	0.946727562	0.020228622
0.091936502	1.021049075	0.0234552
0.092067199	1.08039189	0.026519831
0.092197896	0.994382867	0.022711363
0.092328594	0.980094574	0.022357422
0.092459291	1.048257919	0.025310112
0.092589988	0.949573703	0.021342559
0.092720686	0.974665604	0.022358278
0.092851383	0.947241236	0.021017929
0.09298208	0.997354041	0.022893874
0.093112778	0.96706145	0.021887452
0.093243475	1.011097469	0.023555122
0.093374172	1.006754747	0.023489569
0.093504869	0.985920333	0.02349142
0.093635567	0.977001187	0.022213298
0.093766264	0.963336639	0.022726757
0.093896961	0.973049888	0.022052035
0.094027659	1.028144824	0.024647025
0.094158356	1.020680338	0.024201467
0.094289053	1.002308268	0.023228695
0.094419751	0.964258907	0.021930139
0.094550448	1.013595411	0.023861759
0.094681145	0.947129614	0.021014856
0.094811843	0.959038053	0.021755606
0.09494254	1.011941956	0.024061045
0.095073237	0.977142052	0.02294131
0.095203935	0.967328633	0.022248317
0.095334632	0.983170247	0.023166052
0.095465329	0.955925186	0.022063937
0.095596026	1.006768663	0.024046599
0.095726724	0.979311579	0.023016413
0.095857421	1.015855462	0.024753558
0.095988118	1.008586947	0.02474249
0.096118816	0.96860176	0.022886663
0.096249513	1.001412427	0.024162674
0.09638021	1.022518486	0.025320561
0.096510908	1.027060723	0.025746886
0.096641605	0.985703935	0.023887161
0.096772302	1.01753287	0.02534614
0.096903	0.965077107	0.02270711
0.097033697	0.985718059	0.024104581
0.097164394	1.008773871	0.025321475
0.097295092	0.992974819	0.024527462
0.097425789	0.970949659	0.023946323
0.097556486	0.972711424	0.023823534
0.097687183	0.989701011	0.024535258
0.097817881	0.988412944	0.024916518
0.097948578	1.000344753	0.025140613
0.098079275	1.034482758	0.029620426
0.098209973	0.986067249	0.024486641
0.09834067	1.00845326	0.025835836
0.098471367	1.040721617	0.027720642
0.098602065	1.001454668	0.025666864
0.098732762	0.931956336	0.022167296
0.098863459	0.987469276	0.024889611
0.098994157	0.951569867	0.023284259
0.099124854	1.007050976	0.026439995
0.099255551	0.980733212	0.024692892
0.099386249	0.999513158	0.025984391
0.099516946	1.046678237	0.028783637
0.099647643	0.955759857	0.024656257
0.09977834	0.998458995	0.026358238
0.099909038	0.995088341	0.026404483
0.10003974	0.984044181	0.025631096
0.10017043	1.012833275	0.027284204
0.10030113	0.978343186	0.025589566
0.10043183	0.930175745	0.02383355
0.10056252	0.931955774	0.023881372
0.10069322	1.028493034	0.028186598
0.10082392	0.958323132	0.025430452
0.10095462	0.958954206	0.026259521
0.10108531	0.96436314	0.025565125
0.10121601	0.948795103	0.024753834
0.10134671	0.98634024	0.027190021
0.10147741	1.033898778	0.029513351
0.1016081	0.971595688	0.02751568
0.1017388	0.994405351	0.027210034
0.1018695	0.97801731	0.026948384
0.10200019	0.962957954	0.026250099
0.10213089	0.985627214	0.027518647
0.10226159	1.018215843	0.029083193
0.10239229	0.963314166	0.025844455
0.10252298	0.937557497	0.024966625
0.10265368	0.960541324	0.026741106
0.10278438	0.996360116	0.028063561
0.10291508	1.003513069	0.029138915
0.10304577	0.949364872	0.026146937
0.10317647	1.040138186	0.031234118
0.10330717	0.998553278	0.030608637
0.10343787	0.973884257	0.027459167
0.10356856	0.978072626	0.028160864
0.10369926	1.065770402	0.034988696
0.10382996	0.996958124	0.029794819
0.10396065	0.999924787	0.029673207
0.10409135	1.032042542	0.031718708
0.10422205	0.975492258	0.028764041
0.10435275	1.043768594	0.032633184
0.10448344	1.028253184	0.031617811
0.10461414	1.007359951	0.030535599
0.10474484	1.009708353	0.030558946
0.10487554	1.019752472	0.031609608
0.10500623	1.023577374	0.031549269
0.10513693	0.982605332	0.029645843
0.10526763	0.993420255	0.032338947
0.10539832	1.035628728	0.033144463
0.10552902	0.985326064	0.029824364
0.10565972	0.976179704	0.02955158
0.10579042	0.979024802	0.030937579
0.10592111	1.055446394	0.034962649
0.10605181	0.967163197	0.029362729
0.10618251	1.018391568	0.032603178
0.10631321	1.048609715	0.03461038
0.1064439	1.00946091	0.032229489
0.1065746	0.955826551	0.02909185
0.1067053	0.975766999	0.030657387
0.106836	0.947001924	0.029083893
0.10696669	0.940551026	0.029104459
0.10709739	0.935083639	0.029268889
0.10722809	1.049732216	0.035998487
0.10735878	1.087952223	0.039430005
0.10748948	1.002492494	0.034015534
0.10762018	1.008394036	0.035109117
0.10775088	1.020187794	0.036135985
0.10788157	0.990002915	0.034705067
0.10801227	0.988791398	0.034694898
0.10814297	0.918501683	0.0300504
0.10827367	1.032344239	0.037643309
0.10840436	1.012662076	0.037065372
0.10853506	1.044684875	0.039107383
0.10866576	1.026383289	0.037821872
0.10879646	0.997180607	0.036901251
0.10892715	0.943202343	0.033750074
0.10905785	1.021350231	0.039965948
0.10918855	0.972305817	0.035845659
0.10931924	1.015989747	0.039298324
0.10944994	1.016244245	0.039342522
0.10958064	0.992244904	0.03743813
0.10971134	0.988308037	0.037448189
0.10984203	0.992433074	0.038980265
0.10997273	0.994335931	0.039124659
0.11010343	1.049450704	0.044252231
0.11023413	0.982818778	0.037737622
0.11036482	1.000991829	0.041082898
0.11049552	0.973125636	0.03941906
0.11062622	1.029001823	0.043224418
0.11075691	1.020623026	0.04235499
0.11088761	0.974342049	0.039071368
0.11101831	0.983624463	0.040038032
0.11114901	0.933844933	0.036895095
0.1112797	0.969946436	0.03899369
0.1114104	0.973440109	0.041546276
0.1115411	0.998022736	0.0420369
0.1116718	0.941762909	0.039447101
0.11180249	1.035367561	0.046568933
0.11193319	0.955799198	0.039035243
0.11206389	1.018257898	0.04559419
0.11219459	1.025813561	0.04619107
0.11232528	1.014083589	0.046066034
0.11245598	1.03911136	0.045787179
0.11258668	1.084065574	0.049985425
0.11271737	1.009685078	0.042959323
0.11284807	1.06977537	0.047460032
0.11297877	0.97515887	0.041797268
0.11310947	1.074869928	0.04997952
0.11324016	0.99369364	0.042089065
0.11337086	0.93838169	0.038226902
0.11350156	0.950589875	0.038520573
0.11363226	0.983503099	0.040727791
0.11376295	1.018524301	0.044009278
0.11389365	0.998864213	0.042586161
0.11402435	1.052595029	0.048686371
0.11415504	1.016246177	0.044672151
0.11428574	0.942504406	0.039097479
0.11441644	0.937514032	0.037345334
0.11454714	0.952610536	0.039377419
0.11467783	0.888569598	0.03435497
0.11480853	0.996115619	0.043690974
0.11493923	0.981401746	0.041968298
0.11506993	0.972470627	0.040810234
0.11520062	0.943240561	0.038933627
0.11533132	0.988261513	0.042795486
0.11546202	0.90093044	0.036121293
0.11559272	1.103668609	0.053430582
0.11572341	0.920170967	0.038382733
0.11585411	1.015341152	0.046500688
0.11598481	1.046649805	0.048060069
0.1161155	1.022809923	0.046877099
0.1162462	0.974227585	0.043194918
0.1163769	1.027425852	0.048418382
0.1165076	0.983905274	0.046032113
0.11663829	0.954960064	0.043807347
0.11676899	1.067645522	0.051487725
0.11689969	0.976738466	0.04318692
0.11703039	1.080982485	0.051226094
0.11716108	0.995303001	0.047112344
0.11729178	1.006606098	0.047930552
0.11742248	0.990131285	0.046703135
0.11755317	1.036121642	0.049677093
0.11768387	0.969252771	0.04416999
0.11781457	0.998897264	0.045273784
0.11794527	0.982421103	0.045297796
0.11807596	1.038890062	0.049534407
0.11820666	1.089976735	0.054607196
0.11833736	1.009643631	0.050319685
0.11846806	0.971829081	0.044018336
0.11859875	0.950588224	0.042121779
0.11872945	1.088399712	0.05422047
0.11886015	1.010541072	0.04857258
0.11899085	0.99082764	0.046639671
0.11912154	1.009829378	0.049036369
0.11925224	1.089897667	0.055255364
0.11938294	0.911190512	0.039137097
0.11951363	1.000748392	0.047222285
0.11964433	1.026849289	0.050364905
0.11977503	1.039692297	0.053235486
0.11990573	1.012079903	0.051591218
0.12003642	1.020180571	0.049238491
0.12016712	0.991150629	0.046607321
0.12029782	1.027852015	0.052239308
0.12042852	1.010128017	0.049375252
0.12055921	0.949214222	0.043367987
0.12068991	0.988422417	0.048050878
0.12082061	0.97122921	0.046327278
0.12095131	0.936610265	0.045348025
0.121082	0.903339366	0.039256419
0.1212127	0.995316849	0.047698565
0.1213434	1.042709316	0.053288228
0.12147409	0.96916044	0.046003448
0.12160479	0.953793886	0.04498518
0.12173549	0.983388314	0.048110155
0.12186619	0.974168573	0.047030102
0.12199688	1.024808811	0.052491305
0.12212758	1.092906905	0.059465142
0.12225828	0.961367871	0.045934293
0.12238898	0.921939384	0.042785924
0.12251967	1.075052709	0.057053122
0.12265037	1.036344798	0.055130018
0.12278107	0.991810088	0.049551143
0.12291176	0.997881548	0.051241307
0.12304246	0.947016137	0.045921887
0.12317316	0.940380407	0.045750657
0.12330386	0.966811367	0.049398787
0.12343455	0.958742542	0.047461429
0.12356525	1.006510971	0.052730488
0.12369595	0.973050696	0.049862307
0.12382665	1.043380912	0.054074044
0.12395734	0.964727093	0.05009194
0.12408804	1.00547876	0.052349579
0.12421874	0.969766744	0.05057627
0.12434944	1.056362723	0.059522216
0.12448013	0.981844827	0.049944612
0.12461083	0.950936837	0.048291578
0.12474153	1.066478913	0.061457956
0.12487222	0.987936673	0.052448489
0.12500292	0.965459846	0.049155036
0.12513362	1.027748343	0.060181272
0.12526432	0.97450416	0.051059213
0.12539501	0.966246712	0.05095207
0.12552571	0.964783327	0.050407785
0.12565641	0.917705576	0.04668285
0.12578711	0.888618241	0.0424746
0.1259178	1.052623884	0.0624006
0.1260485	1.064030246	0.063276239
0.1261792	1.046596604	0.060776112
0.12630989	0.927436322	0.047651455
0.12644059	0.915157026	0.04590219
0.12657129	1.092239915	0.06470276
0.12670199	1.018743948	0.057790731
0.12683268	0.977745758	0.051711189
0.12696338	1.145107438	0.072595374
0.12709408	0.999042606	0.057451988
0.12722478	1.061126566	0.062983844
0.12735547	1.066820349	0.0632877
0.12748617	0.949269644	0.050293575
0.12761687	1.042899402	0.061253452
0.12774757	1.056079539	0.062958401
0.12787826	1.05641078	0.063521686
0.12800896	0.998353475	0.058327753
0.12813966	1.126062401	0.071929357
0.12827035	0.948732525	0.052452667
0.12840105	0.880572576	0.046112096
0.12853175	1.015652961	0.06073435
0.12866245	1.089216935	0.070469599
0.12879314	1.032685173	0.062208621
0.12892384	1.015038651	0.060435825
0.12905454	1.078656733	0.06658066
0.12918524	1.098582236	0.07219971
0.12931593	1.045325929	0.063060749
0.12944663	1.016891774	0.060365409
0.12957733	0.993924998	0.058483326
0.12970802	0.920566551	0.05018604
0.12983872	1.04717486	0.065786876
0.12996942	1.007619139	0.062085971
0.13010012	0.959191915	0.055203815
0.13023081	0.96068828	0.054494641
0.13036151	0.918199265	0.050415868
0.13049221	1.029494626	0.061298734
0.13062291	0.913520999	0.052133218
0.1307536	1.043410567	0.065840692
0.1308843	1.024014021	0.064710725
0.131015	1.044422504	0.06485934
0.1311457	0.958471785	0.056871404
0.13127639	1.013553783	0.061604472
0.13140709	0.978560694	0.058225928
0.13153779	0.907890308	0.050180999
0.13166848	0.967905843	0.060300757
0.13179918	1.078409416	0.073768984
0.13192988	1.072665847	0.072715044
0.13206058	0.952216445	0.056146233
0.13219127	1.096267676	0.074375112
0.13232197	0.993006317	0.060057302
0.13245267	0.997192056	0.062389623
0.13258337	0.938825722	0.054516161
0.13271406	0.902931838	0.052490349
0.13284476	1.027795364	0.067424659
0.13297546	1.023106816	0.06936663
0.13310616	1.092129383	0.075409878
0.13323685	0.965798426	0.058852445
0.13336755	1.026758333	0.065750455
0.13349825	0.925523134	0.055440325
0.13362894	1.014113129	0.066569388
0.13375964	1.043901821	0.071802406
0.13389034	1.134705555	0.081171513
0.13402104	1.022416439	0.070285519
0.13415173	1.159633218	0.086922522
0.13428243	1.114351243	0.081194947
0.13441313	1.184221731	0.092103613
0.13454383	1.059861695	0.071046519
0.13467452	1.070106555	0.071125104
0.13480522	1.106442196	0.080259495
0.13493592	1.120639112	0.081507847
0.13506661	0.910912185	0.053041929
0.13519731	0.904493897	0.054353568
0.13532801	0.970975257	0.062853281
0.13545871	0.85946563	0.049738752
0.1355894	0.938889445	0.05941112
0.1357201	1.068351307	0.074814658
0.1358508	0.936325988	0.056896483
0.1359815	1.025247648	0.067632451
0.13611219	1.014151212	0.068358515
0.13624289	1.111083197	0.084767313
0.13637359	1.06088808	0.074860209
0.13650429	1.02931465	0.072971847
0.13663498	1.160678329	0.089312953
0.13676568	1.063067118	0.074758146
0.13689638	0.913478086	0.057161129
0.13702707	0.936917977	0.058799962
0.13715777	0.993813053	0.065244895
0.13728847	1.154835159	0.093020756
0.13741917	1.01567651	0.069502445
0.13754986	0.957138301	0.064009972
0.13768056	0.993704807	0.067124293
0.13781126	1.009417508	0.068870425
0.13794196	0.964228498	0.061954964
0.13807265	1.039232234	0.07563245
0.13820335	1.067910402	0.078847972
0.13833405	0.968927419	0.065728028
0.13846474	1.130856562	0.090481845
0.13859544	1.05959988	0.075264942
0.13872614	1.035970266	0.074126905
0.13885684	0.983185568	0.06999974
0.13898753	0.902981168	0.058690524
0.13911823	0.854097183	0.052672776
0.13924893	1.034422317	0.074810047
0.13937963	1.063976683	0.080879104
0.13951032	1.037839018	0.074310581
0.13964102	1.315634632	0.120105874
0.13977172	1.050725744	0.075835856
0.13990242	0.952872833	0.063773997
0.14003311	1.074662333	0.081373388
0.14016381	0.914549573	0.059659623
0.14029451	0.923634374	0.0619158
0.1404252	0.948595577	0.063648217
0.1405559	0.959042714	0.069124904
0.1406866	0.964844794	0.065404308
0.1408173	0.886113033	0.057169891
0.14094799	1.004421273	0.071861741
0.14107869	0.96050013	0.0688941
0.14120939	0.968455086	0.07006823
0.14134009	1.107600277	0.088101779
0.14147078	0.927520127	0.060550564
0.14160148	0.90630874	0.060469638
0.14173218	0.991869248	0.072363417
0.14186287	1.089360964	0.082102089
0.14199357	1.016018922	0.074634906
0.14212427	0.956435328	0.06708815
0.14225497	1.109253313	0.091417625
0.14238566	1.033318098	0.077497484
0.14251636	0.92508357	0.062885091
0.14264706	0.962021935	0.067653855
0.14277776	0.901343551	0.058426929
0.14290845	1.09689874	0.0867946
0.14303915	0.936685778	0.066216832
0.14316985	0.981133481	0.069465783
0.14330055	0.918811582	0.062629387
0.14343124	0.981718505	0.072895688
0.14356194	0.99496605	0.072251712
0.14369264	0.940947725	0.063405754
0.14382333	0.937463239	0.070663344
0.14395403	1.003759741	0.07737393
0.14408473	0.983568276	0.074144209
0.14421543	0.822192762	0.049897582
0.14434612	0.844446425	0.052341982
0.14447682	0.827150753	0.051168661
0.14460752	1.005537819	0.0772183
0.14473822	0.984964141	0.070578401
0.14486891	0.93755883	0.064989818
0.14499961	1.086391895	0.092700612
0.14513031	0.943236122	0.067951685
0.14526101	0.919129289	0.067591286
0.1453917	1.095945411	0.092881219
0.1455224	1.053559464	0.081940471
0.1456531	1.135138728	0.098823737
0.14578379	1.049035965	0.08524472
0.14591449	1.140189305	0.09585923
0.14604519	0.88725979	0.059153454
0.14617589	0.947273607	0.068195933
0.14630658	0.863680885	0.058605407
0.14643728	0.953664074	0.07000654
0.14656798	0.864459439	0.056230786
0.14669868	1.102418383	0.095195166
0.14682937	0.974381919	0.073809921
0.14696007	0.916018299	0.066997579
0.14709077	1.109055571	0.095184492
0.14722146	1.067928769	0.087672427
0.14735216	0.909418258	0.070798432
0.14748286	0.991354844	0.080863611
0.14761356	1.05486307	0.086774154
0.14774425	0.922046062	0.06467232
0.14787495	1.063350862	0.090663256
0.14800565	0.960484277	0.071085645
0.14813635	1.003840296	0.078414802
0.14826704	0.92649339	0.06769194
0.14839774	0.883681077	0.059917509
0.14852844	0.981062202	0.077350709
0.14865914	1.025354628	0.085273267
0.14878983	0.940271586	0.074351949
0.14892053	0.938586623	0.072615366
0.14905123	1.03558105	0.081920397
0.14918192	0.902637779	0.064860777
0.14931262	1.05569168	0.088198524
0.14944332	1.091092735	0.098062176
0.14957402	1.006097345	0.080153699
0.14970471	1.019295685	0.081577793
0.14983541	1.049485409	0.089833298
0.14996611	0.929078262	0.072175659
0.15009681	1.031083625	0.086740414
0.1502275	1.142584906	0.103494117
0.1503582	0.96857548	0.073056691
0.1504889	0.944090062	0.071845951
0.15061959	0.969642081	0.074758351
0.15075029	0.921518113	0.068211315
0.15088099	0.983118541	0.07775706
0.15101169	1.172884341	0.114609191
0.15114238	0.993549773	0.079097782
0.15127308	1.084150086	0.095398081
0.15140378	0.934125458	0.072293514
0.15153448	0.937707627	0.072722412
0.15166517	0.995489181	0.081612947
0.15179587	0.975265472	0.082267574
0.15192657	1.014882416	0.086863841
0.15205727	0.994034613	0.08136073
0.15218796	0.927753956	0.070295308
0.15231866	0.945233588	0.077788077
0.15244936	1.045607614	0.08739755
0.15258005	0.963836698	0.074289006
0.15271075	1.150869091	0.11342382
0.15284145	1.02805924	0.086029236
0.15297215	1.067231906	0.097358546
0.15310284	1.007040008	0.084216712
0.15323354	0.974298234	0.078903361
0.15336424	1.070596032	0.096775856
0.15349494	0.884775101	0.065939963
0.15362563	0.991332256	0.081682952
0.15375633	1.034663188	0.090370264
0.15388703	0.900390347	0.069765954
0.15401772	0.979009345	0.084003544
0.15414842	0.990386271	0.084670871
0.15427912	0.979172962	0.078329537
0.15440982	0.961297764	0.079557827
0.15454051	1.00146074	0.08045167
0.15467121	1.216994328	0.125294184
0.15480191	0.97988931	0.07846159
0.15493261	0.973568546	0.080993367
0.1550633	0.903606508	0.068475413
0.155194	0.954825073	0.079350603
0.1553247	0.991016074	0.085456423
0.1554554	1.191927976	0.119142121
0.15558609	0.912480346	0.071885386
0.15571679	1.031240873	0.090666081
0.15584749	0.910811525	0.074056647
0.15597818	0.978938298	0.082990481
0.15610888	1.163893198	0.116144786
0.15623958	1.086012117	0.106893415
0.15637028	1.197299237	0.124333482
0.15650097	0.907245902	0.073815798
0.15663167	1.169473425	0.117101396
0.15676237	1.055670773	0.095417418
0.15689307	1.130055103	0.113364088
0.15702376	0.983774463	0.089224969
0.15715446	1.012171949	0.095881696
0.15728516	0.932190084	0.075310521
0.15741586	1.186403755	0.123816945
0.15754655	1.089448333	0.103130189
0.15767725	0.942704933	0.078549644
0.15780795	1.002607169	0.092774412
0.15793864	0.876705638	0.07033685
0.15806934	0.879315854	0.071234008
0.15820004	1.024999774	0.09268461
0.15833074	0.973668748	0.085926002
0.15846143	0.990283742	0.087995985
0.15859213	1.054941168	0.100609067
0.15872283	0.946955199	0.081175925
0.15885353	1.141152919	0.116556266
0.15898422	1.001381435	0.08937211
0.15911492	1.197097682	0.128092159
0.15924562	1.010719709	0.09266381
0.15937631	0.95573609	0.086242191
0.15950701	1.031215323	0.094484585
0.15963771	0.97544258	0.087921141
0.15976841	1.048975883	0.100989465
0.1598991	1.02648299	0.098614122
0.1600298	1.058352337	0.100680115
0.1601605	1.000890517	0.097845252
0.1602912	1.021333802	0.102338342
0.16042189	1.069171929	0.10507279
0.16055259	0.913897734	0.074508308
0.16068329	1.279023141	0.150715816
0.16081399	1.096274897	0.118858468
0.16094468	0.980551242	0.089352399
0.16107538	1.053905298	0.106007607
0.16120608	0.87134324	0.070356454
0.16133677	0.902167159	0.079625699
0.16146747	1.179655671	0.133083094
0.16159817	0.981372883	0.087452408
0.16172887	1.004793425	0.097011853
0.16185956	1.237886309	0.14206821
0.16199026	1.028659125	0.097789228
0.16212096	0.968192675	0.085694083
0.16225166	0.98621207	0.091513393
0.16238235	0.989566919	0.098769487
0.16251305	0.966358119	0.090683069
0.16264375	1.005401325	0.091235006
0.16277444	1.014624287	0.103698007
0.16290514	1.043814067	0.102209985
0.16303584	1.000277789	0.093037162
0.16316654	0.997262675	0.096154012
0.16329723	0.932037194	0.085893892
0.16342793	0.923335205	0.082294781
0.16355863	0.871515313	0.074007994
0.16368933	0.890036854	0.076940099
0.16382002	0.892350532	0.077868562
0.16395072	0.983823618	0.09660147
0.16408142	0.963408151	0.093643411
0.16421212	0.823298098	0.06799458
0.16434281	0.86563678	0.074142867
0.16447351	0.908205853	0.081102242
0.16460421	0.98175675	0.093218741
0.1647349	1.057771654	0.11159636
0.1648656	0.918358675	0.084811461
0.1649963	1.282175721	0.156859604
0.165127	1.040858264	0.107978917
0.16525769	0.937162748	0.084182607
0.16538839	0.989412311	0.102093707
0.16551909	1.193863443	0.141204259
0.16564979	0.972641713	0.090867935
0.16578048	1.022222831	0.105296833
0.16591118	0.902543995	0.081925949
0.16604188	1.018893668	0.104700665
0.16617257	0.979755389	0.093243978
0.16630327	0.966052993	0.092735197
0.16643397	1.008998767	0.099666971
0.16656467	1.206110901	0.14417319
0.16669536	0.947184849	0.093121536
0.16682606	1.119192481	0.125478252
0.16695676	1.020627229	0.100806071
0.16708746	1.065964431	0.11663397
0.16721815	0.92522717	0.084449062
0.16734885	1.047203705	0.112514172
0.16747955	1.02455581	0.112697353
0.16761025	1.021841594	0.105245931
0.16774094	0.945180833	0.093943526
0.16787164	1.118533621	0.126427503
0.16800234	1.03824979	0.111349764
0.16813303	0.903676969	0.085083783
0.16826373	0.911241284	0.080484614
0.16839443	0.816365865	0.067713378
0.16852513	1.081559013	0.120956923
0.16865582	1.019151936	0.111185259
0.16878652	1.095122341	0.125639786
0.16891722	1.156303531	0.140465882
0.16904792	0.864150151	0.077756676
0.16917861	0.759284159	0.061247218
0.16930931	0.95903525	0.0961684
0.16944001	0.887627263	0.083245097
0.16957071	1.034264752	0.118565341
0.1697014	1.033115543	0.11248241
0.1698321	0.926799709	0.09220789
0.1699628	1.06616876	0.121918207
0.17009349	0.985065928	0.102997128
0.17022419	1.073463477	0.126079216
0.17035489	0.973258359	0.105468804
0.17048559	0.850213167	0.074563744
0.17061628	0.98986422	0.105260275
0.17074698	1.315567712	0.180605971
0.17087768	1.194443876	0.154369107
0.17100838	0.846224189	0.07929125
0.17113907	1.138814722	0.139814969
0.17126977	1.133030969	0.14233734
0.17140047	1.107613459	0.138200051
0.17153116	1.497844867	0.23815551
0.17166186	1.066135964	0.122963329
0.17179256	1.051085103	0.121957294
0.17192326	0.942880975	0.102079271
0.17205395	1.019273099	0.113934929
0.17218465	0.910867694	0.090104178
0.17231535	0.949227912	0.107076611
0.17244605	0.933354465	0.090150431
0.17257674	0.920929033	0.091513665
0.17270744	0.864287627	0.081488552
0.17283814	1.032832153	0.118948893
0.17296884	0.834201428	0.080266096
0.17309953	1.08034742	0.129268021
0.17323023	0.865153968	0.082899398
0.17336093	1.044405045	0.12079373
0.17349162	1.028150934	0.121040759
0.17362232	1.093800446	0.134060244
0.17375302	0.918027643	0.09381112
0.17388372	1.116415858	0.144186809
0.17401441	1.086768626	0.136603299
0.17414511	1.039135599	0.122900722
0.17427581	0.907909408	0.099514373
0.17440651	0.863306241	0.088044475
0.1745372	0.946985092	0.102182184
0.1746679	1.017945504	0.124658822
0.1747986	0.954391523	0.106858755
0.17492929	1.413505415	0.236055257
0.17505999	0.959821777	0.105359103
0.17519069	0.859692671	0.08451537
0.17532139	0.912950819	0.097390117
0.17545208	0.985857894	0.107147721
0.17558278	1.195210903	0.165634754
0.17571348	1.051593563	0.125210423
0.17584418	0.965008214	0.103778564
0.17597487	1.045576791	0.127731665
0.17610557	0.890982982	0.093869404
0.17623627	0.882223043	0.09451142
0.17636697	0.818694721	0.078933448
0.17649766	0.939084997	0.105550121
0.17662836	1.003949506	0.120145438
0.17675906	1.008593901	0.123748911
0.17688975	0.95144419	0.113873089
0.17702045	0.997882455	0.114024955
0.17715115	0.823749715	0.077527207
0.17728185	0.830300032	0.081726618
0.17741254	1.106884356	0.14520325
0.17754324	1.269783072	0.197145247
0.17767394	1.187134002	0.166327493
0.17780464	1.111150499	0.142197227
0.17793533	0.902433246	0.103195707
0.17806603	1.465386274	0.255164798
0.17819673	0.985477165	0.116173665
0.17832743	0.995422291	0.121672721
0.17845812	0.880637959	0.096691778
0.17858882	1.073784181	0.149159653
0.17871952	0.985466911	0.116338726
0.17885021	1.006156565	0.125284086
0.17898091	0.987312288	0.12878957
0.17911161	1.023527339	0.146699293
0.17924231	0.91091429	0.102356252
0.179373	1.034128344	0.135953811
0.1795037	1.09595181	0.14044743
0.1796344	0.978706308	0.115185433
0.1797651	1.127108965	0.162395518
0.17989579	0.858520086	0.091519061
0.18002649	0.915955302	0.106452507
0.18015719	1.271758685	0.202681769
0.18028788	1.015815418	0.130264982
0.18041858	1.046905624	0.137650913
0.18054928	1.195749704	0.181617518
0.18067998	0.876552689	0.098785703
0.18081067	0.897213184	0.102748948
0.18094137	0.997765919	0.135019097
0.18107207	1.112555333	0.165191655
0.18120277	1.114208247	0.175236264
0.18133346	0.944076094	0.124522551
0.18146416	0.964196387	0.128762804
0.18159486	0.862307278	0.107140892
0.18172556	0.826845016	0.097196379
0.18185625	0.824773032	0.0891777
0.18198695	0.812726007	0.087752491
0.18211765	1.219928484	0.208669601
0.18224834	1.121342516	0.181158499
0.18237904	1.477414061	0.301045308
0.18250974	1.102299628	0.177234261
0.18264044	1.093690796	0.163897719
0.18277113	0.964409789	0.135032225
0.18290183	1.101147134	0.187965177
0.18303253	0.775157268	0.086810048
0.18316323	0.846378673	0.106333163
0.18329392	0.752824903	0.085610343
0.18342462	0.858563035	0.115564683
0.18355532	0.994281091	0.155431681
0.18368601	1.1659938	0.208678985
0.18381671	0.82777263	0.106346696
0.18394741	0.788291103	0.093112581
0.18407811	0.801266597	0.092663694
0.1842088	0.666191623	0.066133844
0.1843395	1.016299154	0.15383668
0.1844702	0.946654033	0.137869494
0.1846009	0.876707164	0.115610689
0.18473159	0.82015236	0.107288789
0.18486229	0.838713039	0.108267612
0.18499299	0.824753436	0.108156552
0.18512369	0.854780135	0.125057888
0.18525438	0.961342465	0.144514484
0.18538508	0.997005153	0.150652744
0.18551578	0.897811338	0.123430388
0.18564647	0.77374081	0.102182309
0.18577717	1.18076687	0.222005079
0.18590787	1.271181518	0.250426774
0.18603857	1.183199793	0.212325219
0.18616926	0.823306944	0.107527187
0.18629996	1.269361859	0.243826445
0.18643066	0.890158302	0.120956206
0.18656136	1.39400151	0.320555886
0.18669205	0.837951788	0.104529443
0.18682275	0.927117116	0.135554196
0.18695345	0.917998268	0.12611049
0.18708414	0.902432427	0.122043674
0.18721484	1.058865701	0.159700073
0.18734554	0.979228486	0.147099739
0.18747624	0.959278242	0.135641598
0.18760693	0.810915809	0.099461593
0.18773763	1.04251578	0.172839327
0.18786833	1.014398555	0.162116447
0.18799903	0.935561416	0.13610178
0.18812972	1.132191337	0.204690781
0.18826042	1.10500626	0.201864216
0.18839112	1.057708375	0.183650425
0.18852182	0.815284278	0.104987772
0.18865251	0.77330734	0.092682238
0.18878321	1.21521353	0.236046005
0.18891391	1.090540817	0.183310379
0.1890446	0.858447871	0.109436146
0.1891753	1.059017613	0.172067783
0.189306	1.176604424	0.222010812
0.1894367	0.925635571	0.130082176
0.18956739	0.864299012	0.120619274
0.18969809	1.219207037	0.221215934
0.18982879	1.935920263	0.567800282
0.18995949	1.201510505	0.226524743
0.19009018	0.974652365	0.141210523
0.19022088	1.01728964	0.163456676
0.19035158	0.984275782	0.173197944
0.19048228	1.064299683	0.180578194
0.19061297	0.936409471	0.132989796
0.19074367	0.957883602	0.137239326
0.19087437	1.326956556	0.288988568
0.19100506	1.316084074	0.276566482
0.19113576	0.738924921	0.088147275
0.19126646	0.944700197	0.146518808
0.19139716	0.94371726	0.147009615
0.19152785	0.946441749	0.15213479
0.19165855	0.837884247	0.11823102
0.19178925	0.951044418	0.139892807
0.19191995	0.945291686	0.133749098
0.19205064	1.132887279	0.203446562
0.19218134	1.296735182	0.273054798
0.19231204	1.182398016	0.237726018
0.19244273	0.733782169	0.088254952
0.19257343	1.357622247	0.315787068
0.19270413	0.819326453	0.10979553
0.19283483	0.961813729	0.147366955
0.19296552	0.732986336	0.085333959
0.19309622	1.043341263	0.16104762
0.19322692	0.874234925	0.132719057
0.19335762	1.046572467	0.169598363
0.19348831	0.779459386	0.102132461
0.19361901	0.965645675	0.153223415
0.19374971	1.601399614	0.442798629
0.19388041	0.979883592	0.157696219
0.1940111	1.359858404	0.325787665
0.1941418	0.763159406	0.108212321
0.1942725	0.910456571	0.144637757
0.19440319	1.268820832	0.28933046
0.19453389	1.342177762	0.287043164
0.19466459	1.124111111	0.215766817
0.19479529	1.140318771	0.235015312
0.19492598	0.950538075	0.174891649
0.19505668	1.029113483	0.174369636
0.19518738	0.992651496	0.16227813
0.19531808	0.958886105	0.151799735
0.19544877	0.759574937	0.095177916
0.19557947	0.860735052	0.132613679
0.19571017	0.76545097	0.097642542
0.19584086	0.908754163	0.145792614
0.19597156	0.868066173	0.13278767
0.19610226	1.037154967	0.203196506
0.19623296	0.936074613	0.158323194
0.19636365	0.801225379	0.121280447
0.19649435	1.024342437	0.17912445
0.19662505	0.778869735	0.111740723
0.19675575	1.035446658	0.19450811
0.19688644	0.911584532	0.141750154
0.19701714	1.021123028	0.184368105
0.19714784	1.717338672	0.491884403
0.19727854	1.05914591	0.211503476
0.19740923	0.946720574	0.163579563
0.19753993	0.869926416	0.120602727
0.19767063	0.824389488	0.122299299
0.19780132	1.101331706	0.218969453
0.19793202	1.03168641	0.196054348
0.19806272	0.860575371	0.139814747
0.19819342	0.863352727	0.137576711
0.19832411	1.018669598	0.201656611
0.19845481	1.154521468	0.238508093
0.19858551	0.813379545	0.115284839
0.19871621	1.03106282	0.19856085
0.1988469	0.880076392	0.14483449
0.1989776	0.944148602	0.168243428
0.1991083	0.992233808	0.169657616
0.19923899	1.136425455	0.245807961
0.19936969	1.051786479	0.221199563
0.19950039	0.998348382	0.175190205
0.19963109	1.153926545	0.245817218
0.19976178	0.94457607	0.162629852
0.19989248	0.714736637	0.089930153