#mAbG 50 mM NaCl 30 mg/ml		
#q nm-1	Sq	deltaS(q)
0.046306973	0.680874829	0.017805105
0.047613946	0.680115691	0.01695738
0.048920919	0.6992129	0.017424341
0.050227892	0.673583113	0.01439811
0.051534866	0.638201161	0.016643226
0.052841839	0.697401249	0.01318373
0.054148812	0.709782986	0.012105877
0.055455785	0.685115019	0.01217349
0.056762758	0.686781038	0.012457555
0.058069731	0.689840923	0.011005629
0.059376704	0.686919321	0.010669882
0.060683677	0.674062773	0.00980654
0.061990651	0.713307734	0.009927172
0.063297624	0.676997184	0.009930407
0.064604597	0.688561633	0.00981752
0.06591157	0.697652673	0.009815623
0.067218543	0.702373172	0.009512085
0.068525516	0.717981663	0.009491238
0.069832489	0.690819269	0.00895833
0.071139462	0.691768393	0.00892943
0.072446436	0.710145367	0.008615548
0.073753409	0.708207005	0.008619725
0.075060382	0.696786162	0.008079189
0.076367355	0.721600364	0.008067487
0.077674328	0.703442398	0.007554763
0.078981301	0.689594254	0.008231876
0.080288274	0.706208203	0.007921301
0.081595247	0.70683815	0.007620424
0.08290222	0.719258874	0.007751299
0.084209194	0.724500043	0.007212293
0.085516167	0.710393569	0.007294563
0.08682314	0.699059369	0.006885867
0.088130113	0.715531898	0.007589288
0.089437086	0.702279889	0.007389218
0.090744059	0.719006312	0.00709324
0.092051032	0.709224348	0.006998796
0.093358005	0.728625852	0.006788409
0.094664979	0.723366044	0.006520995
0.095971952	0.713433706	0.00671063
0.097278925	0.713842724	0.006561084
0.098585898	0.716808907	0.006643756
0.099892871	0.717886064	0.007000845
0.10119984	0.730265535	0.00650351
0.10250682	0.71927952	0.006575218
0.10381379	0.703026666	0.006579589
0.10512076	0.718565881	0.006398072
0.10642774	0.733171003	0.006620226
0.10773471	0.724679433	0.006346633
0.10904168	0.718861222	0.006024287
0.11034866	0.737322436	0.006038925
0.11165563	0.712530406	0.006022885
0.1129626	0.731106249	0.006142773
0.11426958	0.732475044	0.005717436
0.11557655	0.712059068	0.005871446
0.11688352	0.71719776	0.005698913
0.11819049	0.740395674	0.005860645
0.11949747	0.737438768	0.005878167
0.12080444	0.743838011	0.005668701
0.12211141	0.742332398	0.005650566
0.124071875	0.736788649	0.005384925
0.12668582	0.730493909	0.005196286
0.129299765	0.730955567	0.005238693
0.131913715	0.735373278	0.005280562
0.13452766	0.727567713	0.00531407
0.137141605	0.733186431	0.005191994
0.13975555	0.745213108	0.005107982
0.142369495	0.732441518	0.005144083
0.144983445	0.741188587	0.005117018
0.14759739	0.740068683	0.004955994
0.150211335	0.745021465	0.004878236
0.152825285	0.749092935	0.00488107
0.15543923	0.735098369	0.004791727
0.158053175	0.743060109	0.005068486
0.16066712	0.738200055	0.004856955
0.163281065	0.744130118	0.005133068
0.165895015	0.744866453	0.004822054
0.16850896	0.74299507	0.004812263
0.171122905	0.746896704	0.005081642
0.173736855	0.748363669	0.004736125
0.1763508	0.749060812	0.00478321
0.178964745	0.745861	0.004652608
0.18157869	0.75205083	0.004696138
0.184192635	0.750053849	0.004710747
0.186806585	0.75713957	0.004686634
0.18942053	0.765374921	0.00496806
0.192034475	0.758526991	0.004707297
0.194648425	0.766756275	0.004649686
0.19726237	0.768685255	0.004706886
0.199876315	0.75919888	0.004875929
0.20249026	0.763895646	0.004550837
0.205104205	0.772036741	0.004824588
0.207718155	0.774114019	0.004774034
0.2103321	0.770282236	0.004505157
0.212946045	0.764650358	0.004642318
0.215559995	0.766867337	0.004982883
0.21817394	0.773713153	0.004630559
0.220787885	0.76723018	0.004580262
0.22340183	0.780292942	0.00470606
0.226015775	0.774166903	0.004535798
0.228629725	0.775733855	0.004686649
0.23124367	0.780896696	0.004575369
0.233857615	0.77831143	0.004548423
0.236471565	0.774232443	0.004488135
0.239085505	0.794017097	0.004569329
0.241699455	0.788259955	0.004533345
0.2443134	0.790884687	0.004478062
0.246927345	0.788766399	0.004635525
0.249541295	0.792026993	0.004436955
0.25215524	0.786650212	0.004448507
0.254769185	0.793008211	0.004566545
0.257383135	0.800045347	0.004509795
0.259997075	0.792363492	0.004456141
0.262611025	0.795584382	0.004558037
0.26522497	0.807398849	0.004431339
0.267838915	0.794849904	0.004580848
0.270452865	0.797020328	0.004461959
0.27306681	0.802244526	0.004725837
0.275680755	0.807777691	0.004537314
0.278294705	0.809535026	0.004674453
0.280908645	0.807345956	0.004530265
0.283522595	0.814712627	0.00442078
0.28613654	0.811133131	0.004688428
0.288750485	0.810248679	0.004527881
0.291364435	0.804693495	0.00446948
0.29397838	0.811378367	0.004510608
0.296592325	0.831125653	0.00443082
0.299206275	0.822310396	0.004538164
0.301820215	0.818780227	0.00446816
0.304434165	0.821197417	0.004522902
0.30704811	0.824076658	0.004585347
0.309662055	0.826308591	0.004645861
0.312276005	0.833932009	0.004420458
0.31488995	0.825857209	0.004456905
0.317503895	0.822042642	0.004462215
0.320117845	0.835307581	0.00450363
0.322731785	0.835001985	0.004476008
0.325345735	0.828600474	0.004506829
0.32795968	0.838413521	0.004560815
0.330573625	0.834380958	0.00442747
0.333187575	0.840063563	0.004529364
0.33580152	0.839844585	0.004435896
0.338415465	0.836977119	0.004660092
0.341029415	0.845645521	0.004576309
0.343643355	0.832313048	0.004638104
0.346257305	0.838688454	0.004561443
0.34887125	0.844072544	0.004592331
0.351485195	0.84387145	0.004529138
0.354099145	0.847275191	0.004676706
0.35671309	0.852243266	0.004613098
0.359327035	0.859221324	0.004741123
0.361940985	0.856650714	0.004577728
0.364554925	0.86385071	0.004512436
0.367168875	0.855905297	0.004509049
0.36978282	0.872911684	0.004525966
0.372396765	0.856658889	0.004756045
0.375010715	0.876536971	0.004593553
0.37762466	0.863317388	0.004577953
0.380238605	0.869057276	0.004577835
0.382852555	0.875907387	0.004684549
0.385466495	0.869813346	0.004607697
0.388080445	0.882292881	0.004544838
0.39069439	0.879624718	0.004568126
0.393308335	0.870836052	0.004548257
0.395922285	0.879925588	0.004760495
0.39853623	0.88465362	0.004781104
0.401150175	0.875173128	0.004661075
0.40376412	0.879837998	0.004600823
0.406378065	0.875897066	0.004690006
0.408992015	0.875044713	0.004646178
0.41160596	0.882995877	0.004725947
0.414219905	0.868641878	0.004735708
0.416833855	0.897594645	0.004771794
0.4194478	0.874857694	0.004905345
0.422061745	0.885236712	0.004774602
0.42467569	0.886740728	0.004861661
0.427289635	0.879289365	0.004872376
0.429903585	0.897215897	0.004740064
0.43251753	0.900931979	0.004796237
0.435131475	0.89413498	0.004792471
0.437745425	0.90870218	0.004845239
0.44035937	0.906675882	0.005239149
0.442973315	0.902756999	0.005060493
0.44558726	0.910691371	0.004823929
0.448201205	0.91575954	0.004855079
0.450815155	0.902619608	0.004979908
0.4534291	0.905997558	0.005024046
0.456043045	0.897428495	0.004859924
0.458656995	0.897367824	0.00488135
0.46127094	0.89897037	0.004964576
0.463884885	0.918131626	0.004995823
0.46649883	0.918411385	0.00503756
0.469112775	0.921403631	0.005308651
0.471726725	0.919467509	0.005000151
0.47434067	0.912636554	0.004946304
0.476954615	0.909333809	0.005056886
0.479568565	0.900218876	0.005026092
0.48218251	0.914213928	0.004995701
0.484796455	0.91251896	0.005099109
0.4874104	0.908156323	0.005188807
0.490024345	0.908924126	0.004967907
0.492638295	0.944818026	0.005116535
0.49525224	0.91641694	0.004992556
0.497866185	0.919499112	0.00522801
0.500480135	0.919196128	0.005124701
0.50309408	0.943594028	0.005148456
0.505708025	0.952024556	0.005229238
0.50832197	0.912595818	0.005206502
0.510935915	0.919698861	0.005254742
0.513549865	0.894163133	0.005165184
0.51616381	0.930650391	0.00547447
0.518777755	0.928556772	0.005346988
0.521391705	0.94722998	0.005336551
0.52400565	0.932021009	0.005276473
0.526619595	0.949402772	0.005433892
0.52923354	0.934118299	0.005745153
0.531847485	0.956662575	0.005413318
0.534461435	0.924373782	0.005436052
0.53707538	0.961840081	0.005517655
0.539689325	0.935116946	0.005274505
0.542303275	0.929536849	0.005799253
0.54491722	0.957214714	0.005449891
0.547531165	0.932760247	0.005439035
0.55014511	0.954801769	0.00568232
0.552759055	0.934148427	0.005665943
0.555373005	0.953062823	0.00570705
0.55798695	0.960486722	0.00583568
0.560600895	0.965474932	0.005813708
0.563214845	0.950915288	0.005630507
0.56582879	0.949019687	0.006097171
0.569749708	0.948443618	0.006041984
0.5749776	0.956265049	0.005931164
0.580205493	0.94684466	0.006129232
0.585433385	0.944602899	0.006116613
0.590661278	0.949076249	0.00607623
0.59588917	0.94978835	0.006031501
0.601117063	0.948835493	0.006239022
0.606344955	0.930737174	0.006590145
0.611572848	0.941845284	0.006431974
0.61680074	0.949639497	0.006309534
0.622028633	0.963741801	0.006382532
0.627256525	0.933899597	0.006483198
0.632484418	0.961249979	0.006433778
0.63771231	0.940905698	0.00678838
0.642940203	0.955220629	0.006918132
0.648168095	0.92781209	0.006831511
0.653395987	0.943949116	0.006886614
0.65862388	0.94522974	0.006878263
0.663851772	0.958248028	0.006915674
0.669079665	0.968034108	0.007224809
0.674307557	0.962662455	0.007430061
0.67953545	0.931924626	0.007070759
0.684763342	0.940420574	0.007246954
0.689991235	0.957860898	0.007051735
0.695219127	0.95171927	0.007312756
0.70044702	0.922014765	0.007143605
0.705674913	0.917647762	0.007336163
0.710902805	0.976486308	0.007591589
0.716130698	0.940549263	0.007966443
0.72135859	0.959043617	0.007721601
0.726586482	0.961767555	0.007466423
0.731814375	0.938974037	0.007738796
0.737042268	0.950927915	0.007503617
0.74227016	0.972689239	0.007343799
0.747498052	0.980873875	0.007494559
0.752725945	0.9666493	0.007379807
0.757953837	0.944004721	0.007356402
0.76318173	0.95720695	0.007547658
0.768409623	0.930957855	0.007829373
0.773637512	0.942647592	0.007761724
0.778865407	0.962836698	0.007663541
0.7840933	0.988510061	0.007753385
0.789321193	0.956837493	0.007601667
0.794549082	0.941502045	0.007616842
0.799776978	0.938152982	0.007584535
0.80500487	0.974534385	0.007532732
0.810232763	0.932478699	0.007679051
0.815460653	1.00153154	0.007442487
0.820688548	0.981932871	0.007981591
0.82591644	1.017686383	0.008404874
0.833758278	0.984961809	0.007989771
0.844214064	0.949798025	0.00849609
0.854669848	0.975100399	0.008301925
0.865125634	0.942335522	0.008142529
0.875581418	0.962207848	0.008227317
0.886037204	0.959965789	0.008408145
0.896492988	0.964325906	0.008217084
0.906948774	0.956479744	0.008089549
0.917404557	0.939318598	0.008731727
0.927860344	1.003030942	0.008995883
0.938316126	0.987092812	0.008388008
0.948771914	0.987251114	0.008670786
0.959227696	0.99347971	0.00899661
0.969683484	0.986486178	0.00850501
0.980139266	0.977458319	0.008511938
0.990595054	0.977784319	0.008520566
1.001050839	0.949849072	0.008438451
1.011506625	0.997813259	0.00835607
1.0219624	1.00202448	0.008552728
1.0324182	0.990950919	0.008829756
1.042873975	0.956259782	0.008517237
1.053329763	0.996446807	0.009813102
1.06378555	1.012229149	0.009162871
1.074241325	1.008777204	0.009587361
1.084697125	1.005520374	0.009159666
1.0951529	1.02265999	0.008985579
1.105608688	0.968262313	0.008560225
1.116064475	0.988516852	0.009143247
1.126520263	0.975953634	0.009001416
1.136976038	1.019299162	0.008675548
1.147431825	1.032484585	0.009083656
1.157887613	1.027202903	0.009329092
1.1683434	0.956785562	0.009212597
1.178799175	1.013530198	0.009238603
1.189254975	0.95776985	0.009330687
1.19971075	0.958426135	0.009145611
1.210166538	1.000199958	0.00920458
1.220622325	0.920152868	0.009435294
1.2310781	1.068597602	0.009421246
1.2415339	0.90699099	0.009962258
1.251989675	1.028951223	0.009636429
1.262445463	1.007484342	0.010053888
1.27290125	1.0138165	0.010372967
1.283357025	1.055294182	0.010070605
1.293812813	0.97882906	0.010146784
1.3042686	0.96794322	0.010130881
1.314724388	1.109357558	0.010862446
1.325180175	1.065166258	0.010729739
1.335635963	1.157325718	0.010592316
1.346091738	0.987525493	0.010621721
1.356547525	1.044402372	0.011439099
1.367003313	0.983980621	0.011753314
1.3774591	0.911606993	0.011002004
1.387914875	1.024078277	0.011372637
1.398370675	1.155755706	0.011934713
1.40882645	0.942741102	0.011623304
1.419282225	0.883557914	0.012083977
1.429738025	0.99210813	0.011327649
1.4401938	1.022522859	0.011783326
1.4506496	1.009236843	0.011710002
1.461105375	1.020421341	0.011715505
1.471561163	0.846936138	0.011398464
1.48201695	1.062665796	0.012572552
1.492472725	0.994660034	0.01254083
1.502928513	0.882378959	0.012510796
1.5133843	0.903067136	0.012831129
1.523840088	0.966767093	0.011941597
1.534295875	1.082908906	0.011666281
1.54475165	1.050014251	0.007587925
1.555207438	0.996252638	0.007994742
1.565663225	1.020851285	0.007549664
1.576119013	1.080582115	0.008021714
1.5865748	0.959775369	0.007908783
1.597030575	0.908174684	0.008123528
1.607486375	1.007279415	0.00797711
1.61794215	1.00831888	0.008038481
1.628397925	1.051558325	0.00826242
1.638853725	0.866488732	0.008179691
1.6493095	1.218278893	0.008161571
1.659765288	1.078208971	0.008579769
1.670221075	1.119919369	0.008415834
1.680676863	0.881237618	0.008478225
1.69113265	0.985724942	0.00825653
1.701588425	1.026513461	0.00876857
1.712044213	1.210337687	0.008234646
1.7225	0.975838994	0.008984516
1.732955788	1.198689139	0.009003647
1.743411575	0.99199422	0.008527414
1.75386735	1.044246075	0.008879373
1.764323138	0.990827191	0.008500222
1.774778925	0.895974001	0.008720288
1.785234712	0.974863408	0.008610397
1.7956905	1.229403122	0.008444144
1.806146275	1.093023818	0.008816703
1.816602075	0.942841223	0.008874569
1.82705785	0.817268195	0.008888256
1.837513625	0.939352921	0.009209501
1.847969425	0.822195379	0.009125883
1.8584252	1.526834121	0.009465904
1.868880987	1.04770079	0.009137999
1.879336775	0.877252132	0.008875905
1.889792563	0.999705492	0.009058661
1.90024835	1.073887144	0.009340153
1.910704125	0.941300893	0.009345359
1.921159913	0.935995215	0.00932594
1.9316157	0.942818928	0.009387831
1.942071488	1.036535666	0.009534959
1.952527275	0.970777291	0.009186787
1.96298305	1.134821878	0.009411677
1.973438837	1.21073423	0.009426259
1.983894625	1.186846962	0.010221399
1.9943504	1.180131028	0.01011295
