#60 mg/ml nominal mit FF 1 und 2 mg/ml		
#q	S(q)	deltaS(q)
0.004630697	0.587912456	0.01639263
0.004761395	0.585339986	0.015633193
0.004892092	0.608228964	0.016170907
0.005022789	0.580000124	0.013313863
0.005153487	0.554889918	0.015281513
0.005284184	0.608263487	0.012151149
0.005414881	0.614302604	0.011072459
0.005545579	0.589463193	0.01122837
0.005676276	0.589559968	0.011485962
0.005806973	0.597948937	0.010101454
0.00593767	0.59150435	0.009822089
0.006068368	0.588805707	0.009047704
0.006199065	0.615974464	0.009108145
0.006329762	0.585776569	0.009129413
0.00646046	0.592772143	0.009033355
0.006591157	0.610461838	0.009102185
0.006721854	0.610024409	0.00873666
0.006852552	0.623454964	0.008736504
0.006983249	0.602025456	0.008255283
0.007113946	0.596452173	0.00821442
0.007244644	0.618944363	0.007962895
0.007375341	0.614342382	0.007959449
0.007506038	0.605635002	0.007417246
0.007636736	0.627724712	0.007433027
0.007767433	0.607765754	0.00695767
0.00789813	0.599233511	0.007590767
0.008028827	0.61378759	0.00730364
0.008159525	0.613505859	0.007033142
0.008290222	0.62700413	0.007154634
0.008420919	0.634434778	0.006645568
0.008551617	0.623243875	0.006725372
0.008682314	0.608928332	0.006323024
0.008813011	0.622411798	0.006988915
0.008943709	0.611607067	0.006837657
0.009074406	0.624936555	0.00653261
0.009205103	0.619906178	0.006465857
0.009335801	0.63899492	0.00627046
0.009466498	0.630783938	0.006034611
0.009597195	0.623469029	0.006209957
0.009727893	0.618159208	0.00607024
0.00985859	0.622310343	0.006139552
0.009989287	0.627659245	0.006464391
0.010119984	0.640427415	0.006012538
0.010250682	0.624095549	0.006088024
0.010381379	0.615764786	0.006094182
0.010512076	0.627329077	0.005908097
0.010642774	0.641961841	0.006092768
0.010773471	0.634233531	0.005875701
0.010904168	0.62734134	0.005576791
0.011034866	0.64503575	0.005575973
0.011165563	0.62595938	0.005568078
0.01129626	0.639755545	0.00566999
0.011426958	0.64139508	0.005267842
0.011557655	0.624034579	0.005435284
0.011688352	0.630628976	0.005255816
0.011819049	0.645493766	0.005403686
0.011949747	0.641500449	0.005423049
0.012080444	0.649040753	0.0052367
0.012211141	0.651258973	0.005212123
0.012341839	0.64438789	0.004984525
0.012472536	0.634654082	0.004791858
0.012603233	0.637085936	0.004838335
0.012733931	0.646626122	0.004875781
0.012864628	0.655239985	0.004926143
0.012995325	0.652095748	0.004810785
0.013126023	0.648900041	0.004735946
0.01325672	0.642761528	0.004770687
0.013387417	0.641735866	0.004739676
0.013518115	0.649125558	0.004582758
0.013648812	0.645927265	0.004532176
0.013779509	0.649417082	0.004518095
0.013910206	0.646081189	0.004445111
0.014040904	0.664638332	0.004699449
0.014171601	0.654668901	0.004503946
0.014302298	0.659727001	0.004746056
0.014432996	0.654626094	0.004450088
0.014563693	0.657964282	0.004458885
0.01469439	0.661865525	0.004712349
0.014825088	0.652702546	0.004385935
0.014955785	0.656543992	0.004434158
0.015086482	0.64892	0.004309918
0.01521718	0.656423137	0.004345742
0.015347877	0.655373668	0.004364056
0.015478574	0.659156225	0.004349924
0.015609272	0.667322555	0.004610244
0.015739969	0.661010165	0.004367438
0.015870666	0.665082801	0.004318348
0.016001363	0.665705527	0.004367646
0.016132061	0.662748276	0.004510723
0.016262758	0.655520555	0.004225218
0.016393455	0.664035884	0.004474438
0.016524153	0.666093075	0.004433206
0.01665485	0.660554729	0.004197446
0.016785547	0.667459104	0.004317218
0.016916245	0.668827978	0.004631144
0.017046942	0.669851555	0.004303956
0.017177639	0.669131829	0.004252156
0.017308337	0.667373787	0.004375083
0.017439034	0.666344982	0.004216201
0.017569731	0.666637216	0.00436491
0.017700429	0.674216367	0.004258556
0.017831126	0.672559224	0.004234855
0.017961823	0.673146148	0.004185336
0.01809252	0.674956256	0.004268861
0.018223218	0.674642261	0.004223261
0.018353915	0.672977157	0.00417624
0.018484612	0.685344466	0.00432127
0.01861531	0.673008531	0.004134958
0.018746007	0.671304933	0.004143201
0.018876704	0.684006909	0.004252754
0.019007402	0.678004484	0.004192888
0.019138099	0.671833062	0.004149625
0.019268796	0.683021801	0.004241304
0.019399494	0.675996555	0.004124279
0.019530191	0.686306315	0.004266748
0.019660888	0.67909899	0.004154877
0.019791586	0.687342921	0.00440922
0.019922283	0.68989022	0.004232254
0.02005298	0.686963084	0.00434508
0.020183677	0.687064851	0.004234083
0.020314375	0.678752082	0.00411706
0.020445072	0.685575944	0.004365085
0.020575769	0.69203103	0.004224226
0.020706467	0.686761417	0.004172496
0.020837164	0.690968641	0.004215922
0.020967861	0.684422421	0.004136356
0.021098559	0.694399944	0.004241031
0.021229256	0.686668429	0.004172733
0.021359953	0.69553741	0.004228585
0.021490651	0.684723128	0.004276128
0.021621348	0.69045025	0.004346131
0.021752045	0.688030257	0.004148267
0.021882743	0.6885751	0.004170896
0.02201344	0.694408613	0.004175792
0.022144137	0.696379752	0.004208179
0.022274834	0.694530918	0.004190338
0.022405532	0.697803014	0.004210172
0.022536229	0.699893013	0.004267929
0.022666926	0.690166744	0.004142031
0.022797624	0.700609627	0.004230733
0.022928321	0.691593989	0.004151498
0.023059018	0.712150335	0.004362612
0.023189716	0.704519542	0.004282891
0.023320413	0.712753194	0.004349937
0.02345111	0.707334125	0.004270483
0.023581808	0.708075746	0.004309266
0.023712505	0.704929113	0.004249237
0.023843202	0.716757685	0.004385693
0.023973899	0.709907219	0.004327298
0.024104597	0.70968621	0.004446803
0.024235294	0.708058736	0.004275369
0.024365991	0.703913067	0.004223744
0.024496689	0.703342591	0.004221195
0.024627386	0.70529058	0.004245813
0.024758083	0.710718825	0.004458731
0.024888781	0.711350872	0.004312178
0.025019478	0.712742432	0.00429954
0.025150175	0.713781306	0.004313477
0.025280873	0.719519996	0.004403902
0.02541157	0.713218737	0.004323057
0.025542267	0.708091069	0.004266655
0.025672965	0.713152236	0.004288431
0.025803662	0.710865245	0.004275054
0.025934359	0.72728167	0.004472697
0.026065056	0.715432488	0.004498989
0.026195754	0.720822325	0.004375567
0.026326451	0.714794419	0.004323244
0.026457148	0.724246844	0.004403435
0.026587846	0.718417603	0.004371657
0.026718543	0.727513907	0.004453417
0.02684924	0.729118017	0.004463259
0.026979938	0.7288406	0.004491993
0.027110635	0.730530486	0.004631815
0.027241332	0.729299682	0.004489588
0.02737203	0.735337751	0.004576596
0.027502727	0.740518055	0.00459422
0.027633424	0.72795516	0.004471644
0.027764122	0.734292892	0.00452611
0.027894819	0.734503505	0.004524284
0.028025516	0.731750093	0.004554795
0.028156213	0.738293091	0.004945278
0.028286911	0.740977777	0.004783573
0.028417608	0.734162903	0.004548158
0.028548305	0.739339618	0.004583648
0.028679003	0.744005573	0.004694272
0.0288097	0.735137121	0.004752571
0.028940397	0.739885732	0.004596725
0.029071095	0.740034738	0.004612149
0.029201792	0.747555418	0.004693287
0.029332489	0.748050095	0.004729817
0.029463187	0.749265082	0.004758799
0.029593884	0.757650904	0.005016436
0.029724581	0.749027692	0.004735568
0.029855279	0.744251423	0.004670595
0.029985976	0.749655343	0.004783384
0.030116673	0.750530797	0.004762069
0.03024737	0.746120788	0.004730179
0.030378068	0.754612701	0.004824502
0.030508765	0.763945344	0.004923251
0.030639462	0.746980854	0.004712047
0.03077016	0.752841203	0.004834768
0.030900857	0.743955726	0.004734984
0.031031554	0.761820158	0.004955303
0.031162252	0.756794966	0.004856477
0.031292949	0.758967645	0.004883225
0.031423646	0.763548048	0.004974298
0.031554344	0.761550279	0.004940659
0.031685041	0.76416725	0.004987234
0.031815738	0.758581971	0.004911755
0.031946436	0.765839906	0.005195916
0.032077133	0.770128596	0.005088171
0.03220783	0.769222916	0.005069876
0.032338527	0.764625673	0.005011944
0.032469225	0.775446378	0.005165089
0.032599922	0.767949869	0.005449584
0.032730619	0.771770224	0.005150022
0.032861317	0.775576888	0.005174147
0.032992014	0.781728607	0.005260287
0.033122711	0.758040814	0.005005706
0.033253409	0.784788316	0.005519905
0.033384106	0.774705525	0.005202148
0.033514803	0.770841386	0.005190687
0.033645501	0.783040309	0.00541201
0.033776198	0.778507283	0.005396655
0.033906895	0.782008618	0.005438237
0.034037593	0.792732022	0.005574555
0.03416829	0.781192113	0.005538678
0.034298987	0.768554091	0.005375139
0.034429684	0.780795952	0.005816595
0.034560382	0.793085161	0.005763916
0.034691079	0.785834506	0.005669561
0.034821776	0.797355159	0.005847907
0.034952474	0.79475115	0.005861959
0.035083171	0.789776604	0.005805167
0.035213868	0.779699269	0.005759988
0.035344566	0.791798547	0.005972296
0.035475263	0.810460169	0.006308818
0.03560596	0.794211001	0.006163565
0.035736658	0.786489003	0.006044521
0.035867355	0.78647024	0.006117935
0.035998052	0.792210444	0.006212666
0.03612875	0.78861945	0.006167688
0.036259447	0.809378388	0.006504509
0.036390144	0.800105343	0.006648936
0.036520841	0.804713516	0.006544545
0.036651539	0.807929194	0.006607833
0.036782236	0.808351536	0.006607611
0.036912933	0.789770512	0.006627032
0.037043631	0.806066306	0.006947389
0.037174328	0.814891816	0.007146016
0.037305025	0.812310411	0.006800805
0.037435723	0.820811651	0.006970395
0.03756642	0.804967059	0.006793842
0.037697117	0.818255193	0.007025407
0.037827815	0.802760028	0.006870396
0.037958512	0.814215833	0.007056889
0.038089209	0.828230203	0.007296725
0.038219907	0.829914328	0.00766679
0.038350604	0.82866145	0.007419056
0.038481301	0.813602183	0.007165756
0.038611998	0.832512342	0.007437809
0.038742696	0.825877259	0.007224537
0.038873393	0.811018648	0.007078189
0.03900409	0.820117897	0.00721994
0.039134788	0.813290823	0.007106729
0.039265485	0.808591884	0.00708245
0.039396182	0.826212468	0.007302468
0.03952688	0.820297149	0.007545112
0.039657577	0.832154002	0.007489829
0.039788274	0.831082948	0.007420941
0.039918972	0.831369503	0.007506997
0.040049669	0.821398148	0.007338736
0.040180366	0.822427226	0.007351701
0.040311063	0.820302255	0.007331343
0.040441761	0.817728954	0.007295035
0.040572458	0.821627215	0.007444564
0.040703155	0.810523396	0.007211325
0.040833853	0.835692949	0.007703421
0.04096455	0.839382572	0.008106011
0.041095247	0.838709029	0.007748221
0.041225945	0.825257255	0.008210024
0.041356642	0.847082778	0.008027082
0.041487339	0.84276595	0.007902588
0.041618037	0.840823213	0.007957632
0.041748734	0.854401347	0.008133272
0.041879431	0.839882976	0.007958693
0.042010129	0.831165953	0.007844246
0.042140826	0.84883034	0.008465882
0.042271523	0.862695132	0.008739633
0.04240222	0.84616776	0.008141072
0.042532918	0.859685861	0.008410078
0.042663615	0.87351239	0.008756719
0.042794312	0.849465474	0.008271024
0.04292501	0.845169889	0.008258913
0.043055707	0.845709192	0.008279907
0.043186404	0.841305582	0.008192768
0.043317102	0.830649702	0.008109144
0.043447799	0.843666157	0.008317146
0.043578496	0.85576445	0.008574251
0.043709194	0.837696926	0.00829
0.043839891	0.868549572	0.009544965
0.043970588	0.866611011	0.008907885
0.044101286	0.870711522	0.009328944
0.044231983	0.868342235	0.008940897
0.04436268	0.85323456	0.008756298
0.044493377	0.835155833	0.008354857
0.044624075	0.862147051	0.008922139
0.044754772	0.84902459	0.008744301
0.044885469	0.833580967	0.008452223
0.045016167	0.849439008	0.008846688
0.045146864	0.866461301	0.009091438
0.045277561	0.85981432	0.009001579
0.045408259	0.851744718	0.008995191
0.045538956	0.8600498	0.009091488
0.045669653	0.842214434	0.008901895
0.045800351	0.84904767	0.008969676
0.045931048	0.858832629	0.009188594
0.046061745	0.854943331	0.009201311
0.046192443	0.877110821	0.009691349
0.04632314	0.858613772	0.00940588
0.046453837	0.874213856	0.009836268
0.046584534	0.887663299	0.010145015
0.046715232	0.865529236	0.009862534
0.046845929	0.865915108	0.009941228
0.046976626	0.866107788	0.009955006
0.047107324	0.870547027	0.010621592
0.047238021	0.885078299	0.010507721
0.047368718	0.874185354	0.010359427
0.047499416	0.869972242	0.010425273
0.047630113	0.891779569	0.011242576
0.04776081	0.897060423	0.011569261
0.047891508	0.880503913	0.010780028
0.048022205	0.89445311	0.011124861
0.048152902	0.892740405	0.011692089
0.0482836	0.881171865	0.011364227
0.048414297	0.892918453	0.011830792
0.048544994	0.87829643	0.011088774
0.048675691	0.898361687	0.011532817
0.048806389	0.886616948	0.011447888
0.048937086	0.890630331	0.011503478
0.049067783	0.87211898	0.011164651
0.049198481	0.914533793	0.012292327
0.049329178	0.912999221	0.012285439
0.049459875	0.910065701	0.01225839
0.049590573	0.902715388	0.01266194
0.04972127	0.886546906	0.011767013
0.049851967	0.870834744	0.011473469
0.049982665	0.900018673	0.012136889
0.050113362	0.931020617	0.0078649
0.050244059	0.896930129	0.007428728
0.050374757	0.922045045	0.007885075
0.050505454	0.914690332	0.007794535
0.050636151	0.909082109	0.008011856
0.050766848	0.91764245	0.007838592
0.050897546	0.917749137	0.007927939
0.051028243	0.92689674	0.008132033
0.05115894	0.921551243	0.008049846
0.051289638	0.917058159	0.007994959
0.051420335	0.919474983	0.008435189
0.051551032	0.92843079	0.00830345
0.05168173	0.932134107	0.008358434
0.051812427	0.912780575	0.008164314
0.051943124	0.947232808	0.008653375
0.052073822	0.910911778	0.008118987
0.052204519	0.934369009	0.008868853
0.052335216	0.929260402	0.008864347
0.052465914	0.918951847	0.00837979
0.052596611	0.916806655	0.008734179
0.052727308	0.917954374	0.008400133
0.052858005	0.927956646	0.008601763
0.052988703	0.918575492	0.008505365
0.0531194	0.90727564	0.008339836
0.053250097	0.923009801	0.008672156
0.053380795	0.92586289	0.008734805
0.053511492	0.927641254	0.008772687
0.053642189	0.93875988	0.009064183
0.053772887	0.936628786	0.009014695
0.053903584	0.949305163	0.009354009
0.054034281	0.93100455	0.009011955
0.054164979	0.914842234	0.008765977
0.054295676	0.924420197	0.008937169
0.054426373	0.934777596	0.009203878
0.054557071	0.929345563	0.009182798
0.054687768	0.930861734	0.009185497
0.054818465	0.930681804	0.009279351
0.054949162	0.944610322	0.00944466
0.05507986	0.923197688	0.009081194
0.055210557	0.925218094	0.009267842
0.055341254	0.928774041	0.009286198
0.055471952	0.969660527	0.010113777
0.055602649	0.937079564	0.009983954
0.055733346	0.926746593	0.009380984
0.055864044	0.938477207	0.009705036
0.055994741	0.951768701	0.009979271
0.056125438	0.948859314	0.009856764
0.056256136	0.937976815	0.009820868
0.056386833	0.921226925	0.009366592
0.05651753	0.94941895	0.010098901
0.056648228	0.943260071	0.010007525
0.056778925	0.940688106	0.009915797
0.056909622	0.928516547	0.010155386
0.057040319	0.95234239	0.010205566
0.057171017	0.944782243	0.010134695
0.057301714	0.944935191	0.010224704
0.057432411	0.953083448	0.010359347
0.057563109	0.942550516	0.010654712
0.057693806	0.947681026	0.010250411
0.057824503	0.949609095	0.010320997
0.057955201	0.938599634	0.010666
0.058085898	0.932049547	0.009981785
0.058216595	0.927191427	0.010425783
0.058347293	0.93870919	0.010230649
0.05847799	0.938977307	0.010209703
0.058608687	0.936495482	0.01026266
0.058739384	0.953671319	0.011049167
0.058870082	0.94358155	0.010869862
0.059000779	0.952730325	0.010702569
0.059131476	0.947189657	0.010421959
0.059262174	0.958496929	0.010773668
0.059392871	0.937112128	0.010393171
0.059523568	0.919612169	0.010064164
0.059654266	0.95297909	0.010766737
0.059784963	0.9340843	0.010304651
0.05991566	0.944799178	0.010666625
0.060046358	0.941946178	0.010603347
0.060177055	0.929945255	0.010332485
0.060307752	0.966472876	0.01113587
0.06043845	0.924236401	0.010255546
0.060569147	0.957585443	0.01093046
0.060699844	0.928157991	0.010481834
0.060830541	0.943188218	0.010620585
0.060961239	0.943361299	0.010779125
0.061091936	0.952249741	0.011019406
0.061222633	0.94344913	0.010788033
0.061353331	0.946404516	0.01098623
0.061484028	0.950384162	0.011955617
0.061614725	0.947164437	0.011064544
0.061745423	0.945716903	0.011039367
0.06187612	0.934600017	0.010693342
0.062006817	0.94372896	0.010964697
0.062137515	0.946457226	0.011093026
0.062268212	0.963271921	0.011480533
0.062398909	0.941350386	0.011036962
0.062529607	0.948338878	0.011098773
0.062660304	0.931231846	0.01088904
0.062791001	0.937551375	0.011049618
0.062921698	0.960843062	0.011491734
0.063052396	0.95520639	0.011503697
0.063183093	0.943775202	0.011171766
0.06331379	0.935171206	0.010995921
0.063444488	0.944949589	0.011308821
0.063575185	0.950687228	0.011389964
0.063705882	0.940918217	0.011312179
0.06383658	0.938360415	0.011641068
0.063967277	0.9798056	0.012203954
0.064097974	0.956665499	0.011802994
0.064228672	0.955093954	0.01160736
0.064359369	0.931183344	0.011197549
0.064490066	0.928172949	0.011161279
0.064620764	0.920614844	0.010956295
0.064751461	0.918320736	0.010943749
0.064882158	0.956402984	0.011759783
0.065012855	0.941292267	0.011483905
0.065143553	0.953890964	0.011888563
0.06527425	0.951489204	0.011742689
0.065404947	0.929300034	0.011794446
0.065535645	0.936402184	0.011475516
0.065666342	0.949080424	0.011811321
0.065797039	0.964168898	0.012273197
0.065927737	0.96818816	0.012282197
0.066058434	0.945960413	0.011844307
0.066189131	0.975152516	0.012637164
0.066319829	0.963247855	0.012165489
0.066450526	0.961436358	0.012298587
0.066581223	0.923042062	0.011425957
0.066711921	0.976374151	0.012673109
0.066842618	0.947630025	0.012060924
0.066973315	0.944994026	0.011961977
0.067104012	0.940304004	0.011921606
0.06723471	0.945990607	0.012049444
0.067365407	0.973716127	0.013242676
0.067496104	0.937564108	0.011878086
0.067626802	0.956048059	0.012333544
0.067757499	0.951644769	0.012210432
0.067888196	0.959055329	0.012533702
0.068018894	0.961834322	0.012478735
0.068149591	0.962199779	0.01259166
0.068280288	0.930894968	0.01233109
0.068410986	0.939546792	0.012071304
0.068541683	0.941239264	0.012193156
0.06867238	0.951295262	0.012386273
0.068803078	0.948845364	0.012394584
0.068933775	0.998431032	0.013615861
0.069064472	0.957020586	0.012579696
0.069195169	0.949603366	0.012514878
0.069325867	0.967604283	0.012895461
0.069456564	0.945005463	0.012932866
0.069587261	0.932340034	0.012152993
0.069717959	0.966339667	0.012931545
0.069848656	0.938079134	0.012392094
0.069979353	0.952200453	0.012709051
0.070110051	0.962126165	0.012938867
0.070240748	0.953264503	0.012715152
0.070371445	0.943748626	0.012511216
0.070502143	0.951373154	0.013277962
0.07063284	0.940483379	0.012488235
0.070763537	0.944735951	0.012623529
0.070894235	0.949180898	0.012838901
0.071024932	0.949246806	0.012781229
0.071155629	0.952812598	0.012976313
0.071286326	0.943262104	0.012761237
0.071417024	0.953419822	0.01291028
0.071547721	0.958855408	0.013202485
0.071678418	0.94329871	0.01268739
0.071809116	0.929114783	0.012427061
0.071939813	0.949264483	0.013038914
0.07207051	0.977410598	0.014372809
0.072201208	0.976309363	0.013808582
0.072331905	0.964856276	0.013583818
0.072462602	0.946567991	0.012964741
0.0725933	0.953410077	0.013257783
0.072723997	0.946525825	0.013030757
0.072854694	0.93609982	0.012826967
0.072985392	0.975049529	0.013939366
0.073116089	0.919023632	0.012869439
0.073246786	0.952812966	0.013272057
0.073377483	0.938998685	0.013634768
0.073508181	0.948710483	0.013259641
0.073638878	0.959758758	0.014217732
0.073769575	0.954837007	0.013501673
0.073900273	0.937155143	0.01307108
0.07403097	0.929683964	0.012972216
0.074161667	0.926042395	0.013284335
0.074292365	0.941697992	0.013303924
0.074423062	0.954672537	0.013639284
0.074553759	0.975949112	0.014194962
0.074684457	0.957665679	0.01372105
0.074815154	0.959757342	0.013832486
0.074945851	0.949604014	0.013548834
0.075076549	0.946595987	0.013516661
0.075207246	0.979103841	0.01439849
0.075337943	0.933555658	0.013307214
0.07546864	0.920848574	0.012929816
0.075599338	0.937292929	0.013368591
0.075730035	0.981593472	0.014666235
0.075860732	0.933193336	0.013272838
0.07599143	0.945200581	0.013647931
0.076122127	0.93826973	0.013509434
0.076252824	0.942738914	0.013629806
0.076383522	0.95910332	0.014142151
0.076514219	0.950893698	0.013897387
0.076644916	0.958689161	0.014162361
0.076775614	0.974320067	0.014755007
0.076906311	0.940380493	0.013694838
0.077037008	0.951499189	0.01414101
0.077167705	0.949040998	0.013961548
0.077298403	0.96742093	0.015223051
0.0774291	0.950974815	0.014132775
0.077559797	0.948445182	0.014063042
0.077690495	0.958670426	0.014415565
0.077821192	0.973692226	0.014834052
0.077951889	0.966064402	0.014702786
0.078082587	0.985087667	0.015285565
0.078213284	0.955694544	0.014402413
0.078343981	0.928635624	0.01373969
0.078474679	0.934210983	0.014003646
0.078605376	0.939437636	0.014710105
0.078736073	0.962300814	0.01473473
0.078866771	0.939656879	0.014149627
0.078997468	0.922686581	0.013708585
0.079128165	0.974982536	0.015280707
0.079258862	0.963302337	0.015002692
0.07938956	0.980160853	0.015374229
0.079520257	0.951830464	0.014621703
0.079650954	0.944299781	0.014511332
0.079781652	0.978722355	0.0155426
0.079912349	0.964884725	0.015127936
0.080043046	1.004952416	0.016413438
0.080173744	0.972564666	0.015386845
0.080304441	0.912583108	0.013701512
0.080435138	0.947582969	0.01472158
0.080565836	0.963410175	0.015305853
0.080696533	0.96490673	0.015406412
0.08082723	0.980138173	0.015872016
0.080957928	0.930088523	0.014327769
0.081088625	0.925484044	0.014408192
0.081219322	0.954996059	0.015256072
0.081350019	0.947936941	0.015014931
0.081480717	0.951084315	0.015165829
0.081611414	0.950538031	0.015072024
0.081742111	0.90417884	0.013770085
0.081872809	0.938536021	0.014864345
0.082003506	0.986929577	0.016405129
0.082134203	0.94797026	0.015305664
0.082264901	0.965372892	0.015855411
0.082395598	0.95241146	0.015442253
0.082526295	0.957715618	0.015836004
0.082656993	0.959683227	0.015692056
0.08278769	0.972656624	0.017011562
0.082918387	0.93700914	0.015056587
0.083049085	0.967046324	0.016022444
0.083179782	0.952999209	0.015699205
0.083310479	0.967876611	0.016271159
0.083441176	0.97236399	0.016449957
0.083571874	0.94459049	0.015564336
0.083702571	0.94831343	0.015605173
0.083833268	0.941650929	0.015565557
0.083963966	0.975956487	0.01660788
0.084094663	0.969816915	0.016504029
0.08422536	0.981730373	0.01695119
0.084356058	0.983583871	0.017034146
0.084486755	0.943409565	0.01577858
0.084617452	0.960544517	0.016407688
0.08474815	0.970920639	0.018311787
0.084878847	0.96986124	0.016824776
0.085009544	0.989020082	0.017375754
0.085140242	0.992690016	0.017583456
0.085270939	1.001497754	0.01803688
0.085401636	0.963236461	0.017352241
0.085532333	0.934521932	0.015859254
0.085663031	0.937399856	0.015891321
0.085793728	0.94946732	0.016538281
0.085924425	0.94642264	0.016325923
0.086055123	0.964986066	0.016968118
0.08618582	0.949246216	0.016562839
0.086316517	0.983769812	0.017806091
0.086447215	0.943982192	0.016396119
0.086577912	0.947684593	0.016700444
0.086708609	0.948791322	0.016618208
0.086839307	0.922915709	0.016621524
0.086970004	0.97981597	0.017885577
0.087100701	0.999177579	0.018405518
0.087231399	0.972955569	0.017742942
0.087362096	0.927157367	0.016179715
0.087492793	0.953706721	0.017115118
0.08762349	0.96530499	0.018519151
0.087754188	0.974609568	0.017858594
0.087884885	0.968620755	0.017799906
0.088015582	0.965419976	0.017748966
0.08814628	0.96602659	0.017742279
0.088276977	0.948228072	0.01803724
0.088407674	0.964933194	0.017836091
0.088538372	0.96496595	0.017822972
0.088669069	0.924717926	0.01663035
0.088799766	1.004048444	0.019315097
0.088930464	0.963788241	0.018758051
0.089061161	0.963006038	0.017966477
0.089191858	0.990225682	0.019128389
0.089322556	0.960031894	0.019752166
0.089453253	1.001851598	0.019527363
0.08958395	0.974815477	0.018782287
0.089714647	0.919023431	0.016774107
0.089845345	1.000590859	0.01967698
0.089976042	0.993205839	0.019565667
0.090106739	0.94811774	0.0179067
0.090237437	0.953821203	0.01818123
0.090368134	0.957100865	0.019142491
0.090498831	0.957306433	0.01848617
0.090629529	0.984966891	0.019641133
0.090760226	0.936333168	0.017830116
0.090890923	0.963144981	0.018892486
0.091021621	0.999131801	0.021435826
0.091152318	0.976033406	0.01950255
0.091283015	0.951979073	0.019447834
0.091413713	1.031456878	0.022389126
0.09154441	0.992447766	0.021010334
0.091675107	1.001034187	0.021653542
0.091805804	0.936700687	0.019139669
0.091936502	1.011005667	0.02233249
0.092067199	1.073353846	0.02543198
0.092197896	0.984578083	0.021590772
0.092328594	0.966060327	0.021138923
0.092459291	1.032235673	0.02401329
0.092589988	0.945087394	0.020330788
0.092720686	0.967931454	0.021152231
0.092851383	0.946121897	0.020110765
0.09298208	0.989282126	0.021815869
0.093112778	0.959286474	0.020835098
0.093243475	1.001021433	0.022426747
0.093374172	0.997582007	0.022378593
0.093504869	0.972952374	0.022331429
0.093635567	0.973516165	0.021237967
0.093766264	0.955661129	0.021550222
0.093896961	0.969467203	0.021078753
0.094027659	1.023260772	0.023624618
0.094158356	1.011105599	0.023078722
0.094289053	0.985213702	0.021956014
0.094419751	0.952074307	0.020766072
0.094550448	0.99487911	0.022537034
0.094681145	0.929155949	0.019745139
0.094811843	0.944884825	0.020551283
0.09494254	1.001398993	0.022916772
0.095073237	0.968560319	0.021841326
0.095203935	0.954668106	0.02107074
0.095334632	0.977959249	0.022141002
0.095465329	0.952410947	0.021078465
0.095596026	0.994215666	0.022853893
0.095726724	0.966243281	0.021815208
0.095857421	1.006744572	0.023627061
0.095988118	0.998734916	0.02359084
0.096118816	0.959472862	0.02176975
0.096249513	0.982730222	0.022820051
0.09638021	1.003064019	0.023940423
0.096510908	1.016338765	0.02456032
0.096641605	0.981000051	0.022862424
0.096772302	1.005272207	0.024130451
0.096903	0.950254203	0.021463777
0.097033697	0.975428095	0.022941762
0.097164394	0.997300091	0.024116798
0.097295092	0.989794901	0.023528484
0.097425789	0.971592533	0.023029073
0.097556486	0.965517051	0.022728429
0.097687183	0.979055754	0.023357347
0.097817881	0.987696996	0.023964754
0.097948578	0.99256683	0.024028289
0.098079275	1.038389701	0.028866106
0.098209973	0.9685734	0.023145487
0.09834067	1.011664633	0.024982374
0.098471367	1.044927315	0.026883717
0.098602065	1.001919222	0.024745269
0.098732762	0.912254752	0.020802461
0.098863459	0.971135728	0.023567106
0.098994157	0.946755962	0.02224792
0.099124854	1.015177155	0.025700495
0.099255551	0.963846505	0.023354141
0.099386249	0.988403748	0.024766868
0.099516946	1.047711519	0.027850579
0.099647643	0.946233184	0.02352627
0.09977834	1.000026838	0.025448483
0.099909038	0.996571599	0.025483539
0.10003974	0.980021961	0.024583802
0.10017043	1.006177064	0.026151811
0.10030113	0.98085414	0.024699734
0.10043183	0.94056379	0.023125469
0.10056252	0.941212707	0.02314798
0.10069322	1.018712405	0.02699108
0.10082392	0.96133233	0.024534977
0.10095462	0.958523022	0.025322563
0.10108531	0.967905545	0.024691539
0.10121601	0.935628054	0.023460857
0.10134671	0.990990302	0.025984173
0.10147741	1.029394601	0.028406697
0.1016081	0.977991733	0.026748121
0.1017388	0.984994137	0.025994116
0.1018695	0.978510876	0.025981712
0.10200019	0.962211572	0.025093172
0.10213089	0.977275172	0.026154468
0.10226159	1.006765464	0.027781128
0.10239229	0.945043575	0.024401841
0.10252298	0.930737443	0.023819454
0.10265368	0.966907007	0.02591072
0.10278438	0.980539668	0.026651412
0.10291508	1.003045699	0.028121086
0.10304577	0.949674057	0.02518696
0.10317647	1.03806749	0.030166802
0.10330717	1.005253383	0.029828914
0.10343787	0.964247851	0.026206397
0.10356856	0.974832535	0.027063889
0.10369926	1.076612412	0.034347908
0.10382996	1.016744212	0.029341373
0.10396065	0.999624358	0.028650428
0.10409135	1.037397387	0.030854106
0.10422205	0.979897359	0.027868749
0.10435275	1.046873638	0.031694238
0.10448344	1.032380067	0.030716577
0.10461414	0.997051579	0.029207825
0.10474484	1.000978743	0.029283484
0.10487554	1.019231405	0.030565767
0.10500623	1.002272024	0.029910045
0.10513693	0.981729841	0.028609139
0.10526763	1.015508522	0.032025727
0.10539832	1.03936786	0.032235878
0.10552902	0.971008369	0.028218405
0.10565972	0.967478461	0.028257929
0.10579042	0.977964317	0.0299302
0.10592111	1.061296425	0.034087365
0.10605181	0.964596879	0.028242833
0.10618251	1.018660666	0.031560378
0.10631321	1.045208475	0.033441914
0.1064439	1.007656859	0.031115055
0.1065746	0.94794299	0.027809483
0.1067053	0.975858033	0.029597384
0.106836	0.947591125	0.028065461
0.10696669	0.948354374	0.02826536
0.10709739	0.950977833	0.028665242
0.10722809	1.037764884	0.034505966
0.10735878	1.078966052	0.037993236
0.10748948	1.008063655	0.033085246
0.10762018	1.009664063	0.034010289
0.10775088	1.017687744	0.034907149
0.10788157	1.007276564	0.034137594
0.10801227	0.993007746	0.033685359
0.10814297	0.911966674	0.028698486
0.10827367	1.023390947	0.036163397
0.10840436	1.004552547	0.035601632
0.10853506	1.040137439	0.037761633
0.10866576	1.015428362	0.036254812
0.10879646	1.007493601	0.036065287
0.10892715	0.955426541	0.032780087
0.10905785	1.038826343	0.039391948
0.10918855	0.984048726	0.035049337
0.10931924	1.028440006	0.038528516
0.10944994	1.01965707	0.038239075
0.10958064	0.983800435	0.035906211
0.10971134	0.97910967	0.03588237
0.10984203	1.00789195	0.038302684
0.10997273	1.000934848	0.038111927
0.11010343	1.062057025	0.043475222
0.11023413	0.972834189	0.036118453
0.11036482	0.983630074	0.039187443
0.11049552	0.968861573	0.038031225
0.11062622	1.039894293	0.042363408
0.11075691	1.002688783	0.040338746
0.11088761	0.977496095	0.037893576
0.11101831	0.979896573	0.038586676
0.11114901	0.948446407	0.036158409
0.1112797	0.961517799	0.037369691
0.1114104	0.968149042	0.040061221
0.1115411	1.000788212	0.040606388
0.1116718	0.946041128	0.038346494
0.11180249	1.059728136	0.046259543
0.11193319	0.954354094	0.037647439
0.11206389	1.035366632	0.044954047
0.11219459	1.059809119	0.046081671
0.11232528	1.039564903	0.045901377
0.11245598	1.041187975	0.044544865
0.11258668	1.096913286	0.04922935
0.11271737	1.008875686	0.041611328
0.11284807	1.048084656	0.04521606
0.11297877	0.983579122	0.040901257
0.11310947	1.099918919	0.049762327
0.11324016	0.998142943	0.040953084
0.11337086	0.953387219	0.037497329
0.11350156	0.946181657	0.037046685
0.11363226	0.974190049	0.039057095
0.11376295	1.01858084	0.042700692
0.11389365	1.008664738	0.04167781
0.11402435	1.056629215	0.047610905
0.11415504	1.023921594	0.043668042
0.11428574	0.935638272	0.037607856
0.11441644	0.929914026	0.0357652
0.11454714	0.958585674	0.038300009
0.11467783	0.892091092	0.033191159
0.11480853	1.016905983	0.043233605
0.11493923	0.993547947	0.041150351
0.11506993	0.967006215	0.039281062
0.11520062	0.949468703	0.037865004
0.11533132	0.998301393	0.041890527
0.11546202	0.904408421	0.03492697
0.11559272	1.111054193	0.052427372
0.11572341	0.936717004	0.037703234
0.11585411	1.034603959	0.045992107
0.11598481	1.044228415	0.046640286
0.1161155	1.028024462	0.045757125
0.1162462	0.98786103	0.042414091
0.1163769	1.061014221	0.048597898
0.1165076	1.002174454	0.045348987
0.11663829	0.974458085	0.043365991
0.11676899	1.074281246	0.050436503
0.11689969	0.96602611	0.041380216
0.11703039	1.061177108	0.048974814
0.11716108	1.005203331	0.046258661
0.11729178	1.005272537	0.046372381
0.11742248	0.998229061	0.045774189
0.11755317	1.053732762	0.049111748
0.11768387	0.95915803	0.042436437
0.11781457	0.993092695	0.04367029
0.11794527	1.000888464	0.044733311
0.11807596	1.032317895	0.047680339
0.11820666	1.080478335	0.05278772
0.11833736	1.035282414	0.050218635
0.11846806	0.979195235	0.042969667
0.11859875	0.945990396	0.040566842
0.11872945	1.088623939	0.052858499
0.11886015	0.989030663	0.046268164
0.11899085	1.004914512	0.045882213
0.11912154	1.04432779	0.049255234
0.11925224	1.087424493	0.05373867
0.11938294	0.914485164	0.03790952
0.11951363	0.995685974	0.045391102
0.11964433	1.037855763	0.049481713
0.11977503	1.037928225	0.051818968
0.11990573	1.027412768	0.050990614
0.12003642	1.01161997	0.047444917
0.12016712	0.982875658	0.044637623
0.12029782	1.073030593	0.053025579
0.12042852	1.008917523	0.04790727
0.12055921	0.946437647	0.041856311
0.12068991	1.002757502	0.04729991
0.12082061	0.991247974	0.045827683
0.12095131	0.953864254	0.044576199
0.121082	0.897359885	0.037630572
0.1212127	0.981430847	0.0456587
0.1213434	1.052565419	0.05234886
0.12147409	0.968232446	0.044551572
0.12160479	0.951469479	0.043462436
0.12173549	0.996700017	0.047310207
0.12186619	0.966543658	0.045035456
0.12199688	1.032131478	0.05140992
0.12212758	1.102427163	0.058520562
0.12225828	0.959245463	0.044407254
0.12238898	0.921004335	0.041316183
0.12251967	1.07357336	0.055541844
0.12265037	1.05633576	0.05468475
0.12278107	0.994038069	0.048212708
0.12291176	1.009653566	0.050354114
0.12304246	0.945477889	0.044396932
0.12317316	0.94822476	0.044655339
0.12330386	0.994107259	0.049254571
0.12343455	0.958130543	0.045968701
0.12356525	1.013971024	0.051624258
0.12369595	0.993091778	0.04936674
0.12382665	1.009639996	0.050934916
0.12395734	0.99412926	0.050050829
0.12408804	0.99650106	0.050206458
0.12421874	0.96562159	0.048754225
0.12434944	1.083130641	0.059471195
0.12448013	0.976246279	0.04820144
0.12461083	0.957217801	0.047101632
0.12474153	1.099376832	0.061769238
0.12487222	1.007842099	0.051962912
0.12500292	0.957158865	0.047265977
0.12513362	1.050140395	0.059983994
0.12526432	0.972525311	0.049451676
0.12539501	0.965605571	0.049186967
0.12552571	0.981975897	0.049759218
0.12565641	0.930183612	0.04576057
0.12578711	0.872866523	0.04025977
0.1259178	1.099332951	0.063505838
0.1260485	1.094163305	0.063441988
0.1261792	1.080560784	0.061134605
0.12630989	0.926428153	0.046069901
0.12644059	0.89636737	0.043476512
0.12657129	1.083583033	0.062661115
0.12670199	1.025159139	0.056575818
0.12683268	0.963363452	0.049458918
0.12696338	1.155302702	0.071669654
0.12709408	1.023346494	0.056952573
0.12722478	1.075495375	0.062240507
0.12735547	1.056105445	0.061102604
0.12748617	0.938623601	0.048227405
0.12761687	1.049939017	0.060078041
0.12774757	1.061509279	0.061691765
0.12787826	1.07197617	0.06283637
0.12800896	1.020027718	0.057935373
0.12813966	1.130968853	0.070637167
0.12827035	0.970464349	0.052020481
0.12840105	0.905011971	0.045739093
0.12853175	1.03467648	0.060206413
0.12866245	1.076077337	0.068109931
0.12879314	1.037215454	0.060856491
0.12892384	1.023709394	0.059076652
0.12905454	1.071073544	0.064518258
0.12918524	1.091842	0.070222357
0.12931593	1.038504457	0.061056428
0.12944663	1.016502601	0.058725544
0.12957733	1.006026284	0.057550468
0.12970802	0.924608817	0.048790519
0.12983872	1.074795278	0.065834682
0.12996942	1.044425165	0.06261774
0.13010012	0.964289736	0.053603795
0.13023081	0.948225594	0.052197217
0.13036151	0.909032795	0.048307108
0.13049221	1.00000172	0.057986844
0.13062291	0.949320881	0.052432686
0.1307536	1.053668468	0.064809239
0.1308843	1.045280467	0.064322875
0.131015	1.044268077	0.063210131
0.1311457	0.982068907	0.056543223
0.13127639	1.004546654	0.059426991
0.13140709	0.977382214	0.056504575
0.13153779	0.911310089	0.048724301
0.13166848	0.979952909	0.059413801
0.13179918	1.081818845	0.072381291
0.13192988	1.10283258	0.07297312
0.13206058	0.94912172	0.054301146
0.13219127	1.098278652	0.072804988
0.13232197	0.980442949	0.057662507
0.13245267	1.014389215	0.061729798
0.13258337	0.934224066	0.052594569
0.13271406	0.927967154	0.052183524
0.13284476	1.047310402	0.066931216
0.13297546	1.034717439	0.06847544
0.13310616	1.107761315	0.074732678
0.13323685	0.972791936	0.057564274
0.13336755	1.021563659	0.063733149
0.13349825	0.93788496	0.054421969
0.13362894	1.042742051	0.06663959
0.13375964	1.054235785	0.070849702
0.13389034	1.128217626	0.078984957
0.13402104	1.039627739	0.069754016
0.13415173	1.178994382	0.086301347
0.13428243	1.127034477	0.080311196
0.13441313	1.23310109	0.094026236
0.13454383	1.049145306	0.068617605
0.13467452	1.04692838	0.06792634
0.13480522	1.128759578	0.080050372
0.13493592	1.125882689	0.080125685
0.13506661	0.897135019	0.050563701
0.13519731	0.91327298	0.0531064
0.13532801	0.994687798	0.062290413
0.13545871	0.871777286	0.04838975
0.1355894	0.955095761	0.058340105
0.1357201	1.076575735	0.073599479
0.1358508	0.925560672	0.054554524
0.1359815	1.005859783	0.064644787
0.13611219	1.038205091	0.068150243
0.13624289	1.160624315	0.086597676
0.13637359	1.07487027	0.074024531
0.13650429	1.033569912	0.071556064
0.13663498	1.165300911	0.087858181
0.13676568	1.052388528	0.072237308
0.13689638	0.931955963	0.05647437
0.13702707	0.941480207	0.057296804
0.13715777	0.984782406	0.062901311
0.13728847	1.205613087	0.095127196
0.13741917	1.016051439	0.067724651
0.13754986	0.986861934	0.06409057
0.13768056	0.990252557	0.065090488
0.13781126	1.002858479	0.066624838
0.13794196	0.940600099	0.058703935
0.13807265	1.063760264	0.075498141
0.13820335	1.092772387	0.0787769
0.13833405	0.988669504	0.06517161
0.13846474	1.176314094	0.092135431
0.13859544	1.049407555	0.072759816
0.13872614	1.044786175	0.072898079
0.13885684	1.03388825	0.071595618
0.13898753	0.895051645	0.056450943
0.13911823	0.872691401	0.051908274
0.13924893	1.038196641	0.073235521
0.13937963	1.093667676	0.08117298
0.13951032	1.035883772	0.072334069
0.13964102	1.318540728	0.118476441
0.13977172	1.039995429	0.073248801
0.13990242	0.951746434	0.06185068
0.14003311	1.0866428	0.080370206
0.14016381	0.923153594	0.058339687
0.14029451	0.946865075	0.061522805
0.1404252	0.948806913	0.061795098
0.1405559	0.973453752	0.068309754
0.1406866	0.948499773	0.062484823
0.1408173	0.912458031	0.056921511
0.14094799	1.012510341	0.07054398
0.14107869	0.967571743	0.067607873
0.14120939	1.004114324	0.07061347
0.14134009	1.124345312	0.087487285
0.14147078	0.91678333	0.058030082
0.14160148	0.928756619	0.060005734
0.14173218	1.005314757	0.071381291
0.14186287	1.065449402	0.078487723
0.14199357	1.024826568	0.0733515
0.14212427	0.972890563	0.066338796
0.14225497	1.141357532	0.092027655
0.14238566	1.0338902	0.075645767
0.14251636	0.923306922	0.060847131
0.14264706	0.960988378	0.065665137
0.14277776	0.891622354	0.055953454
0.14290845	1.094842002	0.084716793
0.14303915	0.966105215	0.066274104
0.14316985	0.969148313	0.066745557
0.14330055	0.927932443	0.06130492
0.14343124	1.005682116	0.072650119
0.14356194	1.002192156	0.070846043
0.14369264	0.921446017	0.060264437
0.14382333	0.974496235	0.071457202
0.14395403	1.03065888	0.076699175
0.14408473	1.01453417	0.074408273
0.14421543	0.803483444	0.046659543
0.14434612	0.824143444	0.049009756
0.14447682	0.81798683	0.048711328
0.14460752	0.996954471	0.074735125
0.14473822	0.956099764	0.066667831
0.14486891	0.922870909	0.062088961
0.14499961	1.150988677	0.096071219
0.14513031	0.944843413	0.066089256
0.14526101	0.964597172	0.068454886
0.1453917	1.125182209	0.093270658
0.1455224	1.042247541	0.079138694
0.1456531	1.159775281	0.098897066
0.14578379	1.07426435	0.085207396
0.14591449	1.112922534	0.091653404
0.14604519	0.861829881	0.05558622
0.14617589	0.944458201	0.066023361
0.14630658	0.8848186	0.057982957
0.14643728	0.958159524	0.068336649
0.14656798	0.84774445	0.053246205
0.14669868	1.125083045	0.0947336
0.14682937	0.98120968	0.072295786
0.14696007	0.950061513	0.067356437
0.14709077	1.122068025	0.09423713
0.14722146	1.076158904	0.086314628
0.14735216	0.915754215	0.069423904
0.14748286	0.971932601	0.077517337
0.14761356	1.065672823	0.085602787
0.14774425	0.907016968	0.061692492
0.14787495	1.09384658	0.091106857
0.14800565	0.945006911	0.067981575
0.14813635	1.004334652	0.076420494
0.14826704	0.946653306	0.067096064
0.14839774	0.868040689	0.056924389
0.14852844	1.000397341	0.076753091
0.14865914	1.051331643	0.085264806
0.14878983	0.953863677	0.073413708
0.14892053	0.945294868	0.071170828
0.14905123	1.005801906	0.077628894
0.14918192	0.906570226	0.063104501
0.14931262	1.05421934	0.086075866
0.14944332	1.089538074	0.095961843
0.14957402	0.995471581	0.077289868
0.14970471	1.008142861	0.078679438
0.14983541	1.076881175	0.089990453
0.14996611	0.963750426	0.072644093
0.15009681	1.059596957	0.086957424
0.1502275	1.148346043	0.101924385
0.1503582	0.940823833	0.069007067
0.1504889	0.949341641	0.070161012
0.15061959	0.962565952	0.072174133
0.15075029	0.910731363	0.065394838
0.15088099	0.982986728	0.075673518
0.15101169	1.169600872	0.112282181
0.15114238	0.991026873	0.076832538
0.15127308	1.087934467	0.093634234
0.15140378	0.953428687	0.071628647
0.15153448	0.940306004	0.070796965
0.15166517	1.008723712	0.080559548
0.15179587	0.974243057	0.080143449
0.15192657	1.044245569	0.08681898
0.15205727	1.000662704	0.079463267
0.15218796	0.925317351	0.068025641
0.15231866	0.994110087	0.079477919
0.15244936	1.0276109	0.083856199
0.15258005	0.932142359	0.069866394
0.15271075	1.196305526	0.115589626
0.15284145	1.013560345	0.082736713
0.15297215	1.111556119	0.099095967
0.15310284	1.015639931	0.082787042
0.15323354	0.978883047	0.077139188
0.15336424	1.073819324	0.094876165
0.15349494	0.883587883	0.063728266
0.15362563	0.98626802	0.079151076
0.15375633	1.051113042	0.089600987
0.15388703	0.925178434	0.069455821
0.15401772	1.018247554	0.085038905
0.15414842	1.026349952	0.085115534
0.15427912	0.943375928	0.073450813
0.15440982	0.97222791	0.078224471
0.15454051	0.96494952	0.075534368
0.15467121	1.238327047	0.125231928
0.15480191	0.94877558	0.073951969
0.15493261	0.975662002	0.07896772
0.1550633	0.894324366	0.065667566
0.155194	0.977837864	0.079020961
0.1553247	1.015993666	0.085323944
0.1554554	1.176968089	0.11548913
0.15558609	0.914762769	0.06988375
0.15571679	1.024773996	0.087928375
0.15584749	0.913748498	0.072208764
0.15597818	0.980512408	0.080907665
0.15610888	1.167369836	0.114258192
0.15623958	1.140686376	0.109821336
0.15637028	1.225481664	0.124937672
0.15650097	0.946081312	0.07461256
0.15663167	1.176499118	0.115569506
0.15676237	1.039251562	0.091768967
0.15689307	1.11709805	0.109971595
0.15702376	0.98990951	0.087609949
0.15715446	1.043809764	0.096605898
0.15728516	0.917434271	0.071986557
0.15741586	1.19375229	0.122286931
0.15754655	1.080197569	0.100056488
0.15767725	0.940055442	0.076104902
0.15780795	1.040809151	0.093889709
0.15793864	0.901108299	0.069933474
0.15806934	0.911207481	0.071425279
0.15820004	1.019891397	0.089998472
0.15833074	0.992962209	0.085338569
0.15846143	0.992422509	0.08556491
0.15859213	1.076604942	0.100316028
0.15872283	0.959294959	0.079921345
0.15885353	1.156003898	0.115740805
0.15898422	0.994266287	0.086483431
0.15911492	1.202546794	0.12635638
0.15924562	1.01522938	0.090441282
0.15937631	0.988883994	0.086413533
0.15950701	1.022949215	0.091506925
0.15963771	0.989427953	0.086807528
0.15976841	1.060157378	0.099704143
0.1598991	1.061745251	0.099534935
0.1600298	1.054591272	0.098035256
0.1601605	1.032597294	0.098592784
0.1602912	1.09670083	0.10720832
0.16042189	1.069676218	0.10278273
0.16055259	0.903173025	0.071417206
0.16068329	1.297269824	0.150450932
0.16081399	1.130844123	0.120211201
0.16094468	1.001109935	0.088833787
0.16107538	1.097002192	0.107812925
0.16120608	0.877168817	0.068504217
0.16133677	0.914318855	0.078422212
0.16146747	1.229704631	0.136161412
0.16159817	0.960234281	0.083325605
0.16172887	0.997102442	0.094047236
0.16185956	1.250474955	0.141099505
0.16199026	1.030256387	0.095585783
0.16212096	0.949369356	0.081770244
0.16225166	1.005445244	0.090876947
0.16238235	1.023636359	0.099754495
0.16251305	1.000883366	0.091388316
0.16264375	0.979582189	0.086677934
0.16277444	1.058519491	0.105735519
0.16290514	1.040972479	0.09956953
0.16303584	0.993708239	0.090097882
0.16316654	1.012456387	0.095156985
0.16329723	0.96841329	0.086683407
0.16342793	0.920989512	0.07968633
0.16355863	0.884938799	0.072345633
0.16368933	0.898719953	0.074906399
0.16382002	0.920248918	0.077794775
0.16395072	1.015667222	0.097139494
0.16408142	1.012900894	0.095795031
0.16421212	0.84388949	0.067170041
0.16434281	0.87611471	0.072567783
0.16447351	0.923307212	0.079967054
0.16460421	0.979829375	0.09062764
0.1647349	1.091867484	0.112595591
0.1648656	0.943219378	0.084570248
0.1649963	1.289129953	0.155248874
0.165127	1.069488184	0.108377483
0.16525769	0.919408197	0.080242657
0.16538839	1.046366589	0.105237544
0.16551909	1.221959791	0.141934404
0.16564979	0.953244656	0.086711812
0.16578048	1.045587804	0.105109316
0.16591118	0.910098773	0.080109278
0.16604188	1.046086146	0.104893296
0.16617257	0.963292598	0.089292876
0.16630327	0.966622153	0.09033956
0.16643397	0.994184762	0.09578687
0.16656467	1.213330587	0.14248797
0.16669536	0.953658529	0.091387045
0.16682606	1.12815911	0.123918765
0.16695676	0.987062745	0.095146259
0.16708746	1.053905034	0.112967006
0.16721815	0.908861595	0.080551554
0.16734885	1.057866604	0.111051687
0.16747955	1.079294074	0.115882188
0.16761025	1.015339569	0.102062727
0.16774094	0.973824456	0.093711813
0.16787164	1.12172814	0.124237161
0.16800234	1.069195375	0.111998343
0.16813303	0.922371787	0.084224665
0.16826373	0.864901698	0.0741167
0.16839443	0.806125379	0.064426215
0.16852513	1.099345618	0.120338662
0.16865582	1.053622239	0.112181818
0.16878652	1.114696492	0.125204647
0.16891722	1.184340496	0.141143936
0.16904792	0.86205955	0.075023382
0.16917861	0.764720696	0.059120635
0.16930931	0.962628116	0.093958626
0.16944001	0.89518759	0.081337377
0.16957071	1.081991732	0.120716558
0.1697014	1.046445693	0.111269394
0.1698321	0.95020239	0.091833041
0.1699628	1.083830576	0.121197784
0.17009349	0.993696802	0.101232508
0.17022419	1.112685585	0.127839974
0.17035489	1.023728835	0.108030185
0.17048559	0.819685686	0.069469619
0.17061628	1.000230495	0.103672667
0.17074698	1.312630123	0.177557093
0.17087768	1.209980478	0.153611151
0.17100838	0.873273652	0.079039077
0.17113907	1.116494323	0.13465561
0.17126977	1.173877958	0.144586576
0.17140047	1.115679767	0.136595133
0.17153116	1.497114167	0.235331206
0.17166186	1.071274947	0.119917183
0.17179256	1.038351016	0.117976292
0.17192326	1.003052858	0.105592839
0.17205395	1.020614287	0.111359914
0.17218465	0.899362291	0.086345907
0.17231535	1.025436884	0.1125219
0.17244605	0.888938053	0.083468425
0.17257674	0.901181636	0.086956283
0.17270744	0.846731874	0.07723431
0.17283814	1.055812653	0.11877442
0.17296884	0.856374606	0.079539902
0.17309953	1.09145886	0.127807304
0.17323023	0.846432232	0.078095645
0.17336093	1.044260227	0.11803043
0.17349162	1.024704722	0.118026511
0.17362232	1.11326724	0.133593041
0.17375302	0.924609854	0.091736547
0.17388372	1.162373107	0.147117171
0.17401441	1.081175216	0.133266767
0.17414511	1.057923806	0.122282289
0.17427581	0.933816295	0.099567106
0.17440651	0.867315582	0.085813617
0.1745372	0.957705119	0.100520296
0.1746679	1.071904025	0.128138472
0.1747986	0.990083999	0.10787032
0.17492929	1.487535277	0.245267384
0.17505999	0.95721458	0.102277202
0.17519069	0.859852863	0.081762911
0.17532139	0.934639057	0.096786842
0.17545208	0.949615111	0.100597526
0.17558278	1.216770718	0.16566549
0.17571348	1.044267685	0.121561879
0.17584418	0.93910389	0.098336978
0.17597487	1.047613379	0.125090871
0.17610557	0.910011155	0.092946088
0.17623627	0.917368996	0.09520832
0.17636697	0.817372136	0.075984152
0.17649766	0.959704305	0.104885456
0.17662836	1.023886937	0.119541364
0.17675906	1.055349933	0.125904514
0.17688975	0.990429843	0.115603904
0.17702045	0.976905832	0.108891483
0.17715115	0.800835543	0.072706504
0.17728185	0.82572158	0.078452642
0.17741254	1.107121465	0.14230131
0.17754324	1.325513935	0.202602619
0.17767394	1.179460942	0.162329968
0.17780464	1.08769158	0.136402013
0.17793533	0.951506746	0.105560896
0.17806603	1.471255551	0.253170409
0.17819673	0.988015198	0.113564651
0.17832743	1.006105151	0.119921935
0.17845812	0.905999014	0.096369891
0.17858882	1.153622057	0.156816825
0.17871952	0.968713954	0.111483551
0.17885021	1.024358654	0.123418381
0.17898091	1.034507166	0.131816811
0.17911161	1.126883148	0.158023564
0.17924231	0.925480104	0.100981695
0.179373	1.053269711	0.135287085
0.1795037	1.046326815	0.131340296
0.1796344	0.96656955	0.110856854
0.1797651	1.161605254	0.164108992
0.17989579	0.834148545	0.08624876
0.18002649	0.93054614	0.105025243
0.18015719	1.292207301	0.202756753
0.18028788	1.024791896	0.128291995
0.18041858	1.050599665	0.135046944
0.18054928	1.215621905	0.181445928
0.18067998	0.895499526	0.097768867
0.18081067	0.894514628	0.09936377
0.18094137	1.039314217	0.137199304
0.18107207	1.133200213	0.16493881
0.18120277	1.173618197	0.180923408
0.18133346	1.000285886	0.128337433
0.18146416	0.993510216	0.128714203
0.18159486	0.922131683	0.11087526
0.18172556	0.852305119	0.096723547
0.18185625	0.781349212	0.08153445
0.18198695	0.785967165	0.081816894
0.18211765	1.232334942	0.207281291
0.18224834	1.166389223	0.184774139
0.18237904	1.478541751	0.297328109
0.18250974	1.142458285	0.179969265
0.18264044	1.019305004	0.149869844
0.18277113	0.976576769	0.133191056
0.18290183	1.188750882	0.19881141
0.18303253	0.775287326	0.083423638
0.18316323	0.857508199	0.10415112
0.18329392	0.765358433	0.083432604
0.18342462	0.911696509	0.118765923
0.18355532	1.050167077	0.160164168
0.18368601	1.217768114	0.213990628
0.18381671	0.868028316	0.107660904
0.18394741	0.779910288	0.088625363
0.18407811	0.763829436	0.08509302
0.1842088	0.646684764	0.06097522
0.1843395	1.020383235	0.150853851
0.1844702	0.967051139	0.137052022
0.1846009	0.864269628	0.110422834
0.18473159	0.856592418	0.108115887
0.18486229	0.842239167	0.105062406
0.18499299	0.854962826	0.108218799
0.18512369	0.943132866	0.133475838
0.18525438	0.968580272	0.141796075
0.18538508	0.983547852	0.145007677
0.18551578	0.876641919	0.116939541
0.18564647	0.823131838	0.104455782
0.18577717	1.217381122	0.224863076
0.18590787	1.278180167	0.247960451
0.18603857	1.177367331	0.207568147
0.18616926	0.848349655	0.106414518
0.18629996	1.285606029	0.243155902
0.18643066	0.887659081	0.116970199
0.18656136	1.492606096	0.338847429
0.18669205	0.807265193	0.097320255
0.18682275	0.948758497	0.134839464
0.18695345	0.898406458	0.119927238
0.18708414	0.888819343	0.11671408
0.18721484	0.999672275	0.147517939
0.18734554	1.000458024	0.14650801
0.18747624	0.927295099	0.127691179
0.18760693	0.792485245	0.093725437
0.18773763	1.091621593	0.17693791
0.18786833	1.028352041	0.160783944
0.18799903	0.9550163	0.135127343
0.18812972	1.152256161	0.204669573
0.18826042	1.2031104	0.215405248
0.18839112	1.146839836	0.194819012
0.18852182	0.832886575	0.103455307
0.18865251	0.774846379	0.088747822
0.18878321	1.267673649	0.242154749
0.18891391	1.105994756	0.18211684
0.1890446	0.834733741	0.102984957
0.1891753	1.055567364	0.167819367
0.189306	1.173823516	0.217903844
0.1894367	0.92229589	0.125997108
0.18956739	0.896795721	0.120615413
0.18969809	1.192906973	0.212883881
0.18982879	1.928542921	0.561859141
0.18995949	1.240054724	0.229819613
0.19009018	0.939823745	0.132730646
0.19022088	1.049261351	0.164664514
0.19035158	1.126464367	0.193295046
0.19048228	1.092960462	0.181483883
0.19061297	0.910924655	0.125872458
0.19074367	0.924075943	0.128969788
0.19087437	1.412896358	0.303417476
0.19100506	1.363738364	0.282510819
0.19113576	0.762237679	0.087067354
0.19126646	0.98543778	0.148744622
0.19139716	0.996827607	0.151111987
0.19152785	0.99459076	0.155985521
0.19165855	0.858252784	0.117360512
0.19178925	0.943126255	0.135084979
0.19191995	0.897887493	0.12364911
0.19205064	1.152510993	0.203041647
0.19218134	1.286151738	0.267202345
0.19231204	1.272572074	0.251379995
0.19244273	0.74314264	0.085032506
0.19257343	1.454488542	0.333808595
0.19270413	0.84383138	0.109137739
0.19283483	0.949701575	0.141750027
0.19296552	0.716760075	0.07987354
0.19309622	0.959375631	0.144834311
0.19322692	0.93059912	0.136904459
0.19335762	1.00782488	0.159779781
0.19348831	0.798133486	0.100575253
0.19361901	0.97822118	0.151261397
0.19374971	1.677053303	0.459238398
0.19388041	0.982872348	0.154233259
0.1940111	1.44439263	0.341447251
0.1941418	0.83701554	0.113943855
0.1942725	0.942530307	0.145442229
0.19440319	1.395049564	0.313305114
0.19453389	1.327129393	0.279976212
0.19466459	1.166770895	0.219670085
0.19479529	1.143641453	0.231552441
0.19492598	1.014621298	0.182544136
0.19505668	1.022140907	0.169271535
0.19518738	0.992154224	0.158264575
0.19531808	0.942237403	0.145340222
0.19544877	0.737434177	0.088694631
0.19557947	0.911174086	0.135926794
0.19571017	0.745183008	0.09130984
0.19584086	0.944630337	0.14719563
0.19597156	0.891604428	0.132133831
0.19610226	1.116094017	0.214156947
0.19623296	0.999638125	0.164490229
0.19636365	0.858770787	0.124593983
0.19649435	1.029227851	0.175872279
0.19662505	0.81931679	0.11305412
0.19675575	1.0957818	0.201250459
0.19688644	0.897102514	0.135552499
0.19701714	1.033132427	0.18225955
0.19714784	1.680458058	0.47729635
0.19727854	1.136433173	0.222065482
0.19740923	0.985322099	0.165759507
0.19753993	0.788569644	0.105942432
0.19767063	0.841021996	0.120490405
0.19780132	1.114940684	0.217294364
0.19793202	1.067561314	0.198318292
0.19806272	0.904850852	0.142348947
0.19819342	0.895500612	0.138210317
0.19832411	1.064135615	0.206194179
0.19845481	1.154559681	0.234212926
0.19858551	0.805068319	0.110089263
0.19871621	1.079173714	0.203152719
0.1988469	0.921122436	0.146994567
0.1989776	0.996867384	0.172926027
0.1991083	0.96626114	0.161243443
0.19923899	1.209395736	0.256722848
0.19936969	1.172988225	0.241351599
0.19950039	0.970819438	0.166312712
0.19963109	1.191270099	0.249186141
0.19976178	0.945419923	0.158453583
0.19989248	0.673118292	0.080928207