#mAbG 50 mM NaCl 60 mg/ml	
#q nm-1	Sq
0.045	0.535256455
0.046306973	0.587912456
0.047613946	0.585339986
0.048920919	0.608228964
0.050227892	0.580000124
0.051534866	0.554889918
0.052841839	0.608263487
0.054148812	0.614302604
0.055455785	0.589463193
0.056762758	0.589559968
0.058069731	0.597948937
0.059376704	0.59150435
0.060683677	0.588805707
0.061990651	0.615974464
0.063297624	0.585776569
0.064604597	0.592772143
0.06591157	0.610461838
0.067218543	0.610024409
0.068525516	0.623454964
0.069832489	0.602025456
0.071139462	0.596452173
0.072446436	0.618944363
0.073753409	0.614342382
0.075060382	0.605635002
0.076367355	0.627724712
0.077674328	0.607765754
0.078981301	0.599233511
0.080288274	0.61378759
0.081595247	0.613505859
0.08290222	0.62700413
0.084209194	0.634434778
0.085516167	0.623243875
0.08682314	0.608928332
0.088130113	0.622411798
0.089437086	0.611607067
0.090744059	0.624936555
0.092051032	0.619906178
0.093358005	0.63899492
0.094664979	0.630783938
0.095971952	0.623469029
0.097278925	0.618159208
0.098585898	0.622310343
0.099892871	0.627659245
0.10119984	0.640427415
0.10250682	0.624095549
0.10381379	0.615764786
0.10512076	0.627329077
0.10642774	0.641961841
0.10773471	0.634233531
0.10904168	0.62734134
0.11034866	0.64503575
0.11165563	0.62595938
0.1129626	0.639755545
0.11426958	0.64139508
0.11557655	0.624034579
0.11688352	0.630628976
0.11819049	0.645493766
0.11949747	0.641500449
0.12080444	0.649040753
0.12211141	0.651258973
0.124071875	0.644072132
0.12668582	0.640763222
0.129299765	0.641666418
0.131913715	0.645343421
0.13452766	0.640768605
0.137141605	0.644857535
0.13975555	0.652407815
0.142369495	0.643772767
0.144983445	0.651882025
0.14759739	0.653119535
0.150211335	0.658819029
0.152825285	0.660219014
0.15543923	0.6469749
0.158053175	0.656964947
0.16066712	0.651300491
0.163281065	0.659746874
0.165895015	0.662184903
0.16850896	0.656894562
0.171122905	0.660300786
0.173736855	0.664325521
0.1763508	0.666804759
0.178964745	0.662973568
0.18157869	0.669411471
0.184192635	0.667900118
0.186806585	0.673326937
0.18942053	0.683095944
0.192034475	0.67638139
0.194648425	0.685943696
0.19726237	0.68660753
0.199876315	0.67744031
0.20249026	0.682684035
0.205104205	0.691499266
0.207718155	0.692035882
0.2103321	0.6917457
0.212946045	0.688770383
0.215559995	0.690490673
0.21817394	0.696077692
0.220787885	0.691256017
0.22340183	0.701766834
0.226015775	0.695968972
0.228629725	0.700228562
0.23124367	0.705416696
0.233857615	0.703576409
0.236471565	0.70055408
0.239085505	0.72043433
0.241699455	0.712628509
0.2443134	0.715439472
0.246927345	0.716693836
0.249541295	0.719693989
0.25215524	0.71441706
0.254769185	0.721158035
0.257383135	0.727432286
0.259997075	0.722261263
0.262611025	0.725682355
0.26522497	0.735984819
0.267838915	0.725427713
0.270452865	0.728603024
0.27306681	0.732791079
0.275680755	0.738862453
0.278294705	0.740200937
0.280908645	0.742731626
0.283522595	0.748776865
0.28613654	0.743989235
0.288750485	0.743565635
0.291364435	0.739102751
0.29397838	0.749830373
0.296592325	0.763671788
0.299206275	0.757056508
0.301820215	0.757613753
0.304434165	0.759628945
0.30704811	0.761765332
0.309662055	0.763933559
0.312276005	0.76993031
0.31488995	0.764073452
0.317503895	0.762349047
0.320117845	0.773786491
0.322731785	0.775722958
0.325345735	0.771265049
0.32795968	0.781379235
0.330573625	0.774148455
0.333187575	0.781414499
0.33580152	0.784150756
0.338415465	0.783345012
0.341029415	0.789212111
0.343643355	0.778573544
0.346257305	0.787349776
0.34887125	0.792495825
0.351485195	0.792102463
0.354099145	0.795973351
0.35671309	0.801982788
0.359327035	0.807157714
0.361940985	0.805522587
0.364554925	0.815973326
0.367168875	0.807027942
0.36978282	0.821216934
0.372396765	0.808919279
0.375010715	0.830697094
0.37762466	0.815927492
0.380238605	0.825395593
0.382852555	0.825759366
0.385466495	0.823856005
0.388080445	0.837289775
0.39069439	0.837280915
0.393308335	0.830261488
0.395922285	0.837075221
0.39853623	0.839974358
0.401150175	0.83464699
0.40376412	0.838398965
0.406378065	0.836473855
0.408992015	0.835864632
0.41160596	0.842297027
0.414219905	0.828902304
0.416833855	0.858686026
0.4194478	0.838414065
0.422061745	0.847988913
0.42467569	0.85142005
0.427289635	0.844532314
0.429903585	0.860856057
0.43251753	0.868139004
0.435131475	0.860570942
0.437745425	0.875582229
0.44035937	0.871860274
0.442973315	0.868359759
0.44558726	0.877458203
0.448201205	0.882792226
0.450815155	0.866933232
0.4534291	0.872583123
0.456043045	0.869446601
0.458656995	0.867809832
0.46127094	0.866855486
0.463884885	0.888669355
0.46649883	0.891704456
0.469112775	0.892325368
0.471726725	0.889492692
0.47434067	0.887502904
0.476954615	0.882423036
0.479568565	0.875905418
0.48218251	0.886203643
0.484796455	0.888562842
0.4874104	0.881060171
0.490024345	0.878968253
0.492638295	0.920168121
0.49525224	0.892285401
0.497866185	0.894563197
0.500480135	0.89811739
0.50309408	0.919621886
0.505708025	0.928478996
0.50832197	0.891769762
0.510935915	0.896506442
0.513549865	0.875386406
0.51616381	0.909788397
0.518777755	0.909687656
0.521391705	0.929192879
0.52400565	0.90936003
0.526619595	0.927287799
0.52923354	0.913789048
0.531847485	0.929851376
0.534461435	0.906057759
0.53707538	0.945145689
0.539689325	0.913532307
0.542303275	0.913521938
0.54491722	0.941387811
0.547531165	0.916086195
0.55014511	0.935898483
0.552759055	0.914347118
0.555373005	0.935609967
0.55798695	0.94517871
0.560600895	0.944499572
0.563214845	0.928452637
0.56582879	0.929645988
0.569749708	0.933359805
0.5749776	0.940483177
0.580205493	0.92915932
0.585433385	0.925411687
0.590661278	0.934873964
0.59588917	0.933792478
0.601117063	0.936556596
0.606344955	0.917715868
0.611572848	0.926566581
0.61680074	0.937532602
0.622028633	0.95220107
0.627256525	0.918896001
0.632484418	0.948334479
0.63771231	0.924837422
0.642940203	0.942533621
0.648168095	0.919109446
0.653395987	0.929845368
0.65862388	0.930685498
0.663851772	0.944671683
0.669079665	0.955610947
0.674307557	0.949282963
0.67953545	0.920277111
0.684763342	0.925462083
0.689991235	0.941813219
0.695219127	0.940027444
0.70044702	0.911327311
0.705674913	0.903616397
0.710902805	0.962930867
0.716130698	0.931393747
0.72135859	0.947774818
0.726586482	0.947705668
0.731814375	0.925660619
0.737042268	0.941070902
0.74227016	0.961547568
0.747498052	0.972229193
0.752725945	0.955770016
0.757953837	0.936287585
0.76318173	0.942407166
0.768409623	0.919259325
0.773637512	0.934726462
0.778865407	0.952164621
0.7840933	0.978214226
0.789321193	0.949129087
0.794549082	0.934355094
0.799776978	0.931337287
0.80500487	0.968878961
0.810232763	0.924241496
0.815460653	0.991833586
0.820688548	0.973655792
0.82591644	1.002656592
0.833758278	0.977960735
0.844214064	0.93890759
0.854669848	0.967829902
0.865125634	0.933806573
0.875581418	0.955180564
0.886037204	0.95254431
0.896492988	0.9600645
0.906948774	0.95418879
0.917404557	0.933934054
0.927860344	0.997289974
0.938316126	0.9783835
0.948771914	0.985966213
0.959227696	0.987614935
0.969683484	0.984821234
0.980139266	0.97439988
0.990595054	0.977301914
1.001050839	0.949069477
1.011506625	0.98974394
1.0219624	0.998468203
1.0324182	0.988776138
1.042873975	0.951175524
1.053329763	0.995947263
1.06378555	1.008948507
1.074241325	1.009957737
1.084697125	1.007944489
1.0951529	1.025114878
1.105608688	0.97078001
1.116064475	0.987101264
1.126520263	0.971022181
1.136976038	1.019816245
1.147431825	1.028474034
1.157887613	1.024621526
1.1683434	0.961146289
1.178799175	1.01000193
1.189254975	0.957350548
1.19971075	0.958880819
1.210166538	0.998437419
1.220622325	0.924481683
1.2310781	1.066991045
1.2415339	0.901704489
1.251989675	1.030068855
1.262445463	1.007612645
1.27290125	1.015113899
1.283357025	1.058226631
1.293812813	0.97718643
1.3042686	0.977984351
1.314724388	1.105503979
1.325180175	1.063418022
1.335635963	1.153482046
1.346091738	0.987874279
1.356547525	1.045678446
1.367003313	0.983473398
1.3774591	0.917197963
1.387914875	1.02138859
1.398370675	1.156452453
1.40882645	0.941669376
1.419282225	0.887315692
1.429738025	0.993940654
1.4401938	1.026668902
1.4506496	1.012806911
1.461105375	1.012506488
1.471561163	0.851275921
1.48201695	1.060275856
1.492472725	0.992534797
1.502928513	0.876067091
1.5133843	0.898605467
1.523840088	0.966562443
1.534295875	1.095752054
1.54475165	1.052817791
1.555207438	0.986440756
1.565663225	1.017794477
1.576119013	1.091665804
1.5865748	0.952085695
1.597030575	0.905145577
1.607486375	1.002184952
1.61794215	1.012240167
1.628397925	1.054601097
1.638853725	0.872843899
1.6493095	1.217408602
1.659765288	1.072949544
1.670221075	1.123331016
1.680676863	0.879769771
1.69113265	0.986818145
1.701588425	1.024240395
1.712044213	1.213983089
1.7225	0.981293396
1.732955788	1.201295226
1.743411575	0.987728974
1.75386735	1.047074003
1.764323138	0.988657014
1.774778925	0.8961123
1.785234712	0.982459718
1.7956905	1.227740214
1.806146275	1.103027355
1.816602075	0.938706133
1.82705785	0.816536859
1.837513625	0.944425489
1.847969425	0.823296098
1.8584252	1.54853484
1.868880987	1.049330578
1.879336775	0.879596854
1.889792563	0.985983252
1.90024835	1.073420597
1.910704125	0.937327552
1.921159913	0.930893535
1.9316157	0.95495517
1.942071488	1.042018491
1.952527275	0.979741224
1.96298305	1.150256815
1.973438837	1.207936994
1.983894625	1.179074545
1.9943504	1.192961408