#mAbG 50 mM NaCl 10 mg/ml	
#q nm-1	Sq
0.045	0.807626027
0.046306973	0.875163826
0.047613946	0.875924306
0.048920919	0.906215152
0.050227892	0.873052654
0.051534866	0.833447852
0.052841839	0.908549513
0.054148812	0.914155807
0.055455785	0.878066244
0.056762758	0.882170743
0.058069731	0.892227623
0.059376704	0.884593974
0.060683677	0.875814945
0.061990651	0.910730905
0.063297624	0.872368796
0.064604597	0.884056614
0.06591157	0.907882316
0.067218543	0.908591636
0.068525516	0.926189092
0.069832489	0.896599857
0.071139462	0.892970604
0.072446436	0.913757254
0.073753409	0.913459113
0.075060382	0.895592541
0.076367355	0.926057355
0.077674328	0.904327268
0.078981301	0.887664363
0.080288274	0.909374325
0.081595247	0.908405765
0.08290222	0.925829097
0.084209194	0.933582465
0.085516167	0.917931016
0.08682314	0.896596215
0.088130113	0.919236832
0.089437086	0.899275199
0.090744059	0.922631703
0.092051032	0.914249807
0.093358005	0.937656085
0.094664979	0.923240736
0.095971952	0.91392197
0.097278925	0.909980461
0.098585898	0.917890726
0.099892871	0.920768558
0.10119984	0.933719879
0.10250682	0.912071083
0.10381379	0.903459791
0.10512076	0.918358938
0.10642774	0.938620949
0.10773471	0.922488537
0.10904168	0.915146651
0.11034866	0.945652934
0.11165563	0.908990039
0.1129626	0.930085337
0.11426958	0.930648737
0.11557655	0.904542196
0.11688352	0.915262346
0.11819049	0.940261678
0.11949747	0.930906737
0.12080444	0.942066974
0.12211141	0.942843372
0.124071875	0.933058774
0.12668582	0.924982516
0.129299765	0.925477327
0.131913715	0.926919524
0.13452766	0.91836285
0.137141605	0.925079018
0.13975555	0.937627307
0.142369495	0.921945732
0.144983445	0.930672009
0.14759739	0.929181999
0.150211335	0.937954775
0.152825285	0.9375212
0.15543923	0.919084937
0.158053175	0.929897054
0.16066712	0.921540784
0.163281065	0.93036048
0.165895015	0.928086328
0.16850896	0.923646711
0.171122905	0.923972505
0.173736855	0.928681448
0.1763508	0.929731403
0.178964745	0.923910375
0.18157869	0.92980438
0.184192635	0.922442903
0.186806585	0.933140551
0.18942053	0.942334874
0.192034475	0.932246863
0.194648425	0.943866026
0.19726237	0.942190277
0.199876315	0.929456999
0.20249026	0.935476449
0.205104205	0.945283296
0.207718155	0.944039716
0.2103321	0.938973966
0.212946045	0.931514552
0.215559995	0.934398364
0.21817394	0.940851015
0.220787885	0.929416827
0.22340183	0.943981241
0.226015775	0.932648701
0.228629725	0.936897788
0.23124367	0.940859045
0.233857615	0.936211325
0.236471565	0.930935506
0.239085505	0.953101745
0.241699455	0.946036156
0.2443134	0.943353303
0.246927345	0.943244042
0.249541295	0.946092887
0.25215524	0.936227174
0.254769185	0.944889134
0.257383135	0.949215206
0.259997075	0.9400254
0.262611025	0.941415053
0.26522497	0.954725929
0.267838915	0.937242926
0.270452865	0.938024785
0.27306681	0.942756681
0.275680755	0.949141803
0.278294705	0.947500042
0.280908645	0.94851176
0.283522595	0.955031422
0.28613654	0.947871096
0.288750485	0.944713771
0.291364435	0.935193404
0.29397838	0.946405297
0.296592325	0.962020118
0.299206275	0.954000907
0.301820215	0.948354188
0.304434165	0.949019248
0.30704811	0.951392948
0.309662055	0.951691034
0.312276005	0.954533293
0.31488995	0.945816185
0.317503895	0.942700102
0.320117845	0.955041216
0.322731785	0.953576647
0.325345735	0.945571903
0.32795968	0.955654914
0.330573625	0.946447002
0.333187575	0.951504121
0.33580152	0.949981089
0.338415465	0.948913455
0.341029415	0.955649122
0.343643355	0.938108178
0.346257305	0.947589295
0.34887125	0.950065844
0.351485195	0.946895479
0.354099145	0.952635527
0.35671309	0.956934075
0.359327035	0.957464785
0.361940985	0.954945847
0.364554925	0.963973534
0.367168875	0.951482683
0.36978282	0.968135222
0.372396765	0.947889903
0.375010715	0.971391226
0.37762466	0.951473912
0.380238605	0.960796753
0.382852555	0.964134978
0.385466495	0.96021858
0.388080445	0.971519957
0.39069439	0.964250717
0.393308335	0.955364064
0.395922285	0.96618925
0.39853623	0.967816641
0.401150175	0.955611395
0.40376412	0.957616868
0.406378065	0.953088271
0.408992015	0.953035644
0.41160596	0.958929363
0.414219905	0.942530281
0.416833855	0.973119341
0.4194478	0.945267521
0.422061745	0.955730194
0.42467569	0.956670802
0.427289635	0.948803299
0.429903585	0.966198129
0.43251753	0.969017637
0.435131475	0.960143955
0.437745425	0.976776081
0.44035937	0.968627047
0.442973315	0.962368467
0.44558726	0.970787339
0.448201205	0.975631357
0.450815155	0.961232613
0.4534291	0.966082388
0.456043045	0.958643977
0.458656995	0.953896206
0.46127094	0.953890264
0.463884885	0.975300746
0.46649883	0.971521395
0.469112775	0.975771014
0.471726725	0.971524164
0.47434067	0.966157257
0.476954615	0.963540247
0.479568565	0.949521855
0.48218251	0.960883474
0.484796455	0.9655872
0.4874104	0.956593998
0.490024345	0.95245269
0.492638295	0.996521285
0.49525224	0.966223849
0.497866185	0.968293754
0.500480135	0.969318549
0.50309408	0.986198842
0.505708025	0.995705984
0.50832197	0.957137832
0.510935915	0.965077427
0.513549865	0.938231957
0.51616381	0.972735383
0.518777755	0.971930359
0.521391705	0.989645786
0.52400565	0.970643784
0.526619595	0.988646909
0.52923354	0.97591598
0.531847485	0.990350786
0.534461435	0.95872076
0.53707538	1.000918373
0.539689325	0.970925167
0.542303275	0.965792458
0.54491722	0.997072474
0.547531165	0.971428722
0.55014511	0.990399989
0.552759055	0.962844525
0.555373005	0.986308778
0.55798695	0.99794211
0.560600895	0.99876384
0.563214845	0.978044693
0.56582879	0.980212762
0.569749708	0.984482168
0.5749776	0.992525773
0.580205493	0.976891276
0.585433385	0.975343429
0.590661278	0.981150306
0.59588917	0.97572511
0.601117063	0.97722152
0.606344955	0.9608147
0.611572848	0.97024879
0.61680074	0.975830642
0.622028633	0.990753235
0.627256525	0.958371238
0.632484418	0.985120202
0.63771231	0.964448606
0.642940203	0.979092728
0.648168095	0.957794864
0.653395987	0.971557566
0.65862388	0.974189764
0.663851772	0.981960829
0.669079665	0.988934762
0.674307557	0.98924921
0.67953545	0.954801283
0.684763342	0.961071421
0.689991235	0.982121255
0.695219127	0.979034909
0.70044702	0.947512276
0.705674913	0.939899733
0.710902805	1.00174477
0.716130698	0.966688528
0.72135859	0.978734018
0.726586482	0.98383926
0.731814375	0.96215868
0.737042268	0.973214692
0.74227016	0.996145513
0.747498052	1.008575101
0.752725945	0.987208629
0.757953837	0.964837318
0.76318173	0.977965718
0.768409623	0.953174726
0.773637512	0.962092771
0.778865407	0.983602712
0.7840933	1.010496485
0.789321193	0.974814092
0.794549082	0.96487764
0.799776978	0.962654122
0.80500487	0.999412251
0.810232763	0.948611294
0.815460653	1.021214391
0.820688548	1.00019196
0.82591644	1.031692086
0.833758278	1.000565639
0.844214064	0.962971072
0.854669848	0.992600898
0.865125634	0.957062602
0.875581418	0.974808766
0.886037204	0.974255184
0.896492988	0.978420395
0.906948774	0.968312459
0.917404557	0.95158306
0.927860344	1.012094264
0.938316126	0.993143329
0.948771914	0.998052555
0.959227696	1.004724145
0.969683484	0.993547416
0.980139266	0.987342665
0.990595054	0.98734033
1.001050839	0.960346335
1.011506625	0.998838695
1.0219624	1.005606461
1.0324182	0.991024564
1.042873975	0.961112863
1.053329763	0.996365836
1.06378555	1.014136343
1.074241325	1.016120006
1.084697125	1.011660348
1.0951529	1.021916689
1.105608688	0.979775629
1.116064475	0.990361654
1.126520263	0.973196378
1.136976038	1.026587211
1.147431825	1.025044076
1.157887613	1.023947184
1.1683434	0.963790502
1.178799175	1.004613556
1.189254975	0.961586749
1.19971075	0.965173155
1.210166538	0.997337999
1.220622325	0.927684807
1.2310781	1.063876891
1.2415339	0.911921237
1.251989675	1.023168656
1.262445463	1.006225366
1.27290125	1.018228626
1.283357025	1.061082446
1.293812813	0.979313826
1.3042686	0.971094622
1.314724388	1.101830931
1.325180175	1.057101215
1.335635963	1.152929499
1.346091738	0.989881583
1.356547525	1.052872907
1.367003313	0.977035681
1.3774591	0.917371965
1.387914875	1.019637799
1.398370675	1.160100194
1.40882645	0.954099262
1.419282225	0.892743318
1.429738025	0.99593938
1.4401938	1.020547099
1.4506496	1.007888469
1.461105375	1.013078038
1.471561163	0.8634744
1.48201695	1.054852136
1.492472725	0.992440959
1.502928513	0.882736597
1.5133843	0.907096645
1.523840088	0.964904175
1.534295875	1.087496771
1.54475165	1.054028095
1.555207438	0.994001883
1.565663225	1.021061816
1.576119013	1.077328529
1.5865748	0.957808937
1.597030575	0.909500757
1.607486375	1.002186832
1.61794215	1.010383838
1.628397925	1.049101669
1.638853725	0.869259196
1.6493095	1.207780479
1.659765288	1.062540175
1.670221075	1.126298245
1.680676863	0.877705513
1.69113265	0.984111039
1.701588425	1.021703864
1.712044213	1.198595001
1.7225	0.981789565
1.732955788	1.188596874
1.743411575	0.97908726
1.75386735	1.039976558
1.764323138	0.993513678
1.774778925	0.891343051
1.785234712	0.961488752
1.7956905	1.206788238
1.806146275	1.093372441
1.816602075	0.935455047
1.82705785	0.820009629
1.837513625	0.935354819
1.847969425	0.814671448
1.8584252	1.523388869
1.868880987	1.062893091
1.879336775	0.866649636
1.889792563	0.9706666
1.90024835	1.06904978
1.910704125	0.928801882
1.921159913	0.930505065
1.9316157	0.940907486
1.942071488	1.031493832
1.952527275	0.980631788
1.96298305	1.124956637
1.973438837	1.186400963
1.983894625	1.173029498
1.9943504	1.172314915